2.000010308183131080e+00 2.577059480310095628e-06 9.999999999468706102e-01
2.000028916595741890e+00 7.229256723992735533e-06 9.999999995819148779e-01
2.000144248015322646e+00 3.606468618732605477e-05 9.999999895962080609e-01
2.000478305948329094e+00 1.196059829574161096e-04 9.999998856099930888e-01
2.000510138898507151e+00 1.275682776489738489e-04 9.999998698770686811e-01
2.001031754659608364e+00 2.580759395312447668e-04 9.999994677238487339e-01
2.001117999071315712e+00 2.796609562917385479e-04 9.999993750169952067e-01
2.001358993729541957e+00 3.399866227380240373e-04 9.999990765283495175e-01
2.001668722942924639e+00 4.175399113361822202e-04 9.999986076082291175e-01
2.002735991049621855e+00 6.849636730831958628e-04 9.999962568489993986e-01
2.011133444718906649e+00 2.799404833048644951e-03 9.999379995889073891e-01
2.011705677780422974e+00 2.944158426155940502e-03 9.999314609839412560e-01
2.012282537840498264e+00 3.090169033211135480e-03 9.999245376390587525e-01
2.013357346525046498e+00 3.362448758298082398e-03 9.999107491558656413e-01
2.014680859952280301e+00 3.698147777152440210e-03 9.998921805281107966e-01
2.015682621861929480e+00 3.952542129832974961e-03 9.998769593345744333e-01
2.015973057734667506e+00 4.026346635673559889e-03 9.998723583353353872e-01
2.017226162913133614e+00 4.345035016729989485e-03 9.998515380140114983e-01
2.020989179569461669e+00 5.304523688088771949e-03 9.997795567340852507e-01
2.021969563634029132e+00 5.555113546841133551e-03 9.997584722905786814e-01
2.022434027432980841e+00 5.673920863014813090e-03 9.997481469063167481e-01
2.047309798445690721e+00 1.212108210951689212e-02 9.988785645066808883e-01
2.053018857057126390e+00 1.362428924410849680e-02 9.985911100989386391e-01
2.061244757974119324e+00 1.580588926860962071e-02 9.981190575756003769e-01
2.063876671781535777e+00 1.650784214317574383e-02 9.979535723022344706e-01
2.065522175673172089e+00 1.694768669647439899e-02 9.978465455851988075e-01
2.069740381449083344e+00 1.807865527518167162e-02 9.975596525005266946e-01
2.071031615590332997e+00 1.842584767041352198e-02 9.974682243678957283e-01
2.078913341693561012e+00 2.055525266828889946e-02 9.968734303905283367e-01
2.080982519078141468e+00 2.111718112291639110e-02 9.967068108350027877e-01
2.088574483159862716e+00 2.318933832323545607e-02 9.960581006075710508e-01
2.091501066928204811e+00 2.399250994985691748e-02 9.957923242066905045e-01
2.097425097360038126e+00 2.562582382454923341e-02 9.952275238423169412e-01
2.097644125202989596e+00 2.568640574788281714e-02 9.952059527160166397e-01
2.099593582317625273e+00 2.622622595589142735e-02 9.950117921485099881e-01
2.103325328112918058e+00 2.726264711861993428e-02 9.946292449072030584e-01
2.117386332819580996e+00 3.120436303178330054e-02 9.930591206197878495e-01
2.127931343309848344e+00 3.419879443062263241e-02 9.917475417499527213e-01
2.128021638930433390e+00 3.422457882321364164e-02 9.917358126780669858e-01
2.131192970697870948e+00 3.513172369057329658e-02 9.913184896716370487e-01
2.138040712039821045e+00 3.710084332312578448e-02 9.903816406653953575e-01
2.142131864299174904e+00 3.828408105612576134e-02 9.897985530740575078e-01
2.152141056283705556e+00 4.120055757186678880e-02 9.882980088565116450e-01
2.161562715414030222e+00 4.397419357349623137e-02 9.867891214544746159e-01
2.162736743623577151e+00 4.432175959699990314e-02 9.865945202826477134e-01
2.171010770115270105e+00 4.678357567677540046e-02 9.851815457554239375e-01
2.180857721601907162e+00 4.974177902448720379e-02 9.834048003370758906e-01
2.183381469633583816e+00 5.050497337579173962e-02 9.829326972411335239e-01
2.190609121676207138e+00 5.270207738878700254e-02 9.815427242354539672e-01
2.194139001218945229e+00 5.378130527570722935e-02 9.808433759431665067e-01
2.216182910328629241e+00 6.061445585853446338e-02 9.761690065105801395e-01
2.226061986655508473e+00 6.372994695471577431e-02 9.739008034706532202e-01
2.229365363164121483e+00 6.477918192956161336e-02 9.731181843102011397e-01
2.229761950073974930e+00 6.490540141669971785e-02 9.730234091276064312e-01
2.231977610616537433e+00 6.561157044620335999e-02 9.724906855242148040e-01
2.243480160497829168e+00 6.930518016344246190e-02 9.696365857128765864e-01
2.246714428617110570e+00 7.035213827533698394e-02 9.688072094316905192e-01
2.264674989727845311e+00 7.623432713456718135e-02 9.639846888141236914e-01
2.272756990984517333e+00 7.891954276577090033e-02 9.616935612450303594e-01
2.275921015899760480e+00 7.997735927552852842e-02 9.607759336364480873e-01
2.285553286652905580e+00 8.322074070709924165e-02 9.579102403127183196e-01
2.300101014492310192e+00 8.818609327625595573e-02 9.533741329564773270e-01
2.308324364687653230e+00 9.102908947465680745e-02 9.506978969669304114e-01
2.310958334193057073e+00 9.194532977232799942e-02 9.498233909707182177e-01
2.351350640644332302e+00 1.063481915486655521e-01 9.353383477884490427e-01
2.355661795200951758e+00 1.079256567633069125e-01 9.336706467256610242e-01
2.361534225080332838e+00 1.100872837267283522e-01 9.313603322254494499e-01
2.368021863518721126e+00 1.124928363128379766e-01 9.287557197517807284e-01
2.375363599881813226e+00 1.152374903414565971e-01 9.257413750406153774e-01
2.471960436868070765e+00 1.537495724828709387e-01 8.790458512074685871e-01
2.479472442323919612e+00 1.569480301601109129e-01 8.748273683196142736e-01
2.517873868207950672e+00 1.738145594031380303e-01 8.518006000525637500e-01
2.524239168330318694e+00 1.766977808008916295e-01 8.477374553713098448e-01
2.528415872217538496e+00 1.786038128848161932e-01 8.450317154745505821e-01
2.533185728864911557e+00 1.807944571886172525e-01 8.419027885882982565e-01
2.552498678868369009e+00 1.898205042267359921e-01 8.287985575097871482e-01
2.556281042176651308e+00 1.916184178151199846e-01 8.261482399055620762e-01
2.569937935431773290e+00 1.981957267026180913e-01 8.163417901939551413e-01
2.583465507376017989e+00 2.048475901451284331e-01 8.062505986239544287e-01
2.594601603251883937e+00 2.104302872907207467e-01 7.976497903228606523e-01
2.603323523985030086e+00 2.148727852273483729e-01 7.907215004447131212e-01
2.626690383158030606e+00 2.270948512041320588e-01 7.712857487430035963e-01
2.633992045302790075e+00 2.310146508144411692e-01 7.649385829925894331e-01
2.644116156429963116e+00 2.365334492795920507e-01 7.559106425012155350e-01
2.676343780556068364e+00 2.547986429172691691e-01 7.252882221085075187e-01
2.698696649950643955e+00 2.681574535277728710e-01 7.021929187092597058e-01
2.703258796561046395e+00 2.709605749748750236e-01 6.972739979920186126e-01
2.705945336354842023e+00 2.726240764614432099e-01 6.943431169898807154e-01
2.713503382400914266e+00 2.773563707797441213e-01 6.859578059362769764e-01
2.716472575164118108e+00 2.792371398887504297e-01 6.826057648723298232e-01
2.717824598153214311e+00 2.800976949213796474e-01 6.810683541167004140e-01
2.722616702387207432e+00 2.831691180393602902e-01 6.755624505364212773e-01
2.730210281635038871e+00 2.881059832667332010e-01 6.666516565534335026e-01
2.734293702525067093e+00 2.907974197173631703e-01 6.617623695385597138e-01
2.749931165672732103e+00 3.013557732084747864e-01 6.423705879499836957e-01
2.755035797703249134e+00 3.048937103593563624e-01 6.357981000458016174e-01
2.769124776840182545e+00 3.149118460534348074e-01 6.169867508909834264e-01
2.774827170537005561e+00 3.190791496817785289e-01 6.090751947676421585e-01
2.781555731595272363e+00 3.240858076557108780e-01 5.995035458395154837e-01
2.809121093333045938e+00 3.457334802558625353e-01 5.572917366099638947e-01
2.817437762773534082e+00 3.526750064374212235e-01 5.434753078210958765e-01
2.830503460892268119e+00 3.640350631727432007e-01 5.205732998083113516e-01
2.845494988417990534e+00 3.778617380219657651e-01 4.922143265924315836e-01
2.857220172788027757e+00 3.893803980530977094e-01 4.681851543546233785e-01
2.874440502669021846e+00 4.077076993056778509e-01 4.291969186332784680e-01
2.877524118995292479e+00 4.112035403290972280e-01 4.216546359575522596e-01
2.881171119636940947e+00 4.154362739881767852e-01 4.124771769099744856e-01
2.892993538237404572e+00 4.300032947395308613e-01 3.805120424565245352e-01
2.902023807777644571e+00 4.422108676112218584e-01 3.532669831427694973e-01
2.906011833033493197e+00 4.479825775547811029e-01 3.402391098531963864e-01
2.910974478937321752e+00 4.555662797268036357e-01 3.229770303230266593e-01
2.924740168027565979e+00 4.799119246161521746e-01 2.664370988418230390e-01
2.928298506604345874e+00 4.874050091246774352e-01 2.486834569211995027e-01
2.929273718794246140e+00 4.895875975960524706e-01 2.434804197625801692e-01
2.935300879432304111e+00 5.048301434155659795e-01 2.067380281042811296e-01
2.936758810941051845e+00 5.091591796045038532e-01 1.961713013918602033e-01
2.937642999471655081e+00 5.119658189620308608e-01 1.892889662303272602e-01
2.939444970606010621e+00 5.182434197702077139e-01 1.738042379585379438e-01
2.943201936404758357e+00 5.360393094551633153e-01 1.292074437056754954e-01
2.943608893759136258e+00 5.388566845051910859e-01 1.220496794625510611e-01
2.943848286155172467e+00 5.407125554664202749e-01 1.173198191514262800e-01
2.944399132962894683e+00 5.459431208255989265e-01 1.039249940380819054e-01
2.944766136213955665e+00 5.659617876086795452e-01 5.175604787556814523e-02
2.943429449967346567e+00 5.791331475913281679e-01 1.661156573046233473e-02
2.942521690904013276e+00 5.844229376041638613e-01 2.304238660464534745e-03
2.942066651735513183e+00 5.866850719316047957e-01 -3.848939622710603574e-03
2.940985173706662348e+00 5.914077547027705162e-01 -1.676341478318942382e-02
2.927790406865636630e+00 6.250169233497371302e-01 -1.115337317881657242e-01
2.924731279496772363e+00 6.303592155172069722e-01 -1.270992500441107953e-01
2.922947594527020243e+00 6.332641342316028821e-01 -1.356258889167386850e-01
2.908081784464646269e+00 6.534194410947380405e-01 -1.960863845627890123e-01
2.887900564734386055e+00 6.739809636383369273e-01 -2.603844473585374408e-01
2.883436821024633723e+00 6.778712720732739117e-01 -2.728868186431254728e-01
2.878860012848841521e+00 6.816714634720746346e-01 -2.852125593116082158e-01
2.858674793290637783e+00 6.965748830764252331e-01 -3.347175660372731509e-01
2.852555777111947855e+00 7.006011672204475182e-01 -3.484388354390647313e-01
2.826811413115629890e+00 7.156416376031635718e-01 -4.011979495607355117e-01
2.823590261781776967e+00 7.173396322245031431e-01 -4.073178187852454779e-01
2.822951920457538844e+00 7.176718512639507219e-01 -4.085194063161822764e-01
2.810593792792850820e+00 7.238412880408245931e-01 -4.310948565697143020e-01
2.801596458012727719e+00 7.280429480963163114e-01 -4.467709423536212476e-01
2.789385428115891852e+00 7.333963129415629334e-01 -4.671309620305992283e-01
2.756033586218256115e+00 7.462732439307631083e-01 -5.181600426627489542e-01
2.726526329249389313e+00 7.559126328031925413e-01 -5.586957726772689981e-01
2.726430927609942323e+00 7.559415008373286948e-01 -5.588207763918724424e-01
2.707660620627248882e+00 7.613609641679994766e-01 -5.827281413133276189e-01
2.707415564903651095e+00 7.614284178805028613e-01 -5.830315471194115196e-01
2.667518990657380407e+00 7.713908193142529068e-01 -6.297289153700940112e-01
2.662689984061727078e+00 7.724692605980448823e-01 -6.350431822453664887e-01
2.647745664641106167e+00 7.756483895310464227e-01 -6.510681175495598438e-01
2.620476197889323622e+00 7.808732848026952444e-01 -6.787732469974514515e-01
2.577555409918002027e+00 7.877506010537801417e-01 -7.187733223086244516e-01
2.539189992900272141e+00 7.926747784379114536e-01 -7.512294120362467131e-01
2.537506716191672673e+00 7.928667135760788520e-01 -7.525880150211707864e-01
2.529672599540258027e+00 7.937346100850084518e-01 -7.588419652690363559e-01
2.513632201084595508e+00 7.953844346125977793e-01 -7.713000213234180169e-01
2.487843045849756685e+00 7.976948924362363691e-01 -7.903928840854831384e-01
2.481560771663520182e+00 7.981965504333389250e-01 -7.948757317336194728e-01
2.447284130375669609e+00 8.005346979189376100e-01 -8.182311280165952549e-01
2.435221869359089020e+00 8.012037849794357847e-01 -8.260228121163819548e-01
2.402094498278170231e+00 8.026539114870278047e-01 -8.463362067467694594e-01
2.375526644542143018e+00 8.034269538272993394e-01 -8.615265943283286765e-01
2.330733801047769393e+00 8.039972979922448415e-01 -8.850434580979542609e-01
2.227854968530268653e+00 8.021635630981929221e-01 -9.298775804888164132e-01
2.223338539319197782e+00 8.019906746176685974e-01 -9.315701710974786387e-01
2.192406210491508745e+00 8.006116038254295075e-01 -9.425679172441979725e-01
2.178460516013951853e+00 7.998810417644861559e-01 -9.471916610778431389e-01
2.082894284954896591e+00 7.931602593609955454e-01 -9.734733267020276859e-01
2.074061961685238487e+00 7.923950375762903731e-01 -9.754377180229660826e-01
2.069376813832845219e+00 7.919796291900098595e-01 -9.764484325226883144e-01
2.057391431563728723e+00 7.908872696517895706e-01 -9.789355998787671043e-01
2.012618481031596573e+00 7.864371428789691532e-01 -9.869847531767440563e-01
2.002106651010627125e+00 7.853097477748778310e-01 -9.885925815997061994e-01
1.967056707311082508e+00 7.813302635078323011e-01 -9.931846821815545345e-01
1.927208749597279835e+00 7.764049021149301844e-01 -9.969748933961440907e-01
1.923087149405468432e+00 7.758716718480408447e-01 -9.972802905186516353e-01
1.911351863195470013e+00 7.743293950234289014e-01 -9.980609374792559496e-01
1.905688974441209993e+00 7.735725212378137261e-01 -9.983905702692451589e-01
1.820046377900732759e+00 7.611503549462438345e-01 -9.996298656175868214e-01
1.794940315704003808e+00 7.571724722971457933e-01 -9.986526506842547946e-01
1.762225521887487822e+00 7.517685116288684855e-01 -9.964555987138504767e-01
1.736498694147205368e+00 7.473471523839986252e-01 -9.939857826176637934e-01
1.707050940578933806e+00 7.421047017865244344e-01 -9.903459000952974378e-01
1.615914501440805839e+00 7.246938734576995333e-01 -9.734211012035455246e-01
1.550007431113616718e+00 7.110348980980181199e-01 -9.555939437960420113e-01
1.534676365172365387e+00 7.077345402277873676e-01 -9.507384594097570973e-01
1.496568430093260682e+00 6.993361064709368025e-01 -9.374590306196478595e-01
1.417956953089421157e+00 6.811675100828670226e-01 -9.042909593132165691e-01
1.400335570314693134e+00 6.769458952475303493e-01 -8.957174616527585620e-01
1.352754396532803050e+00 6.652896977028485148e-01 -8.703121791026022791e-01
1.287032352809297064e+00 6.486140892197772567e-01 -8.293246781150898084e-01
1.236138812675067422e+00 6.352942471473548292e-01 -7.922734299218753273e-01
1.222220199036717414e+00 6.315976780336476359e-01 -7.812390956166568312e-01
1.196970908903099540e+00 6.248406156196179007e-01 -7.601448337824977530e-01
1.170212544181400416e+00 6.176173928485495512e-01 -7.361636034096601389e-01
1.133156293907018997e+00 6.075360394732544078e-01 -6.998867572702309747e-01
1.130900264928352605e+00 6.069202648831705238e-01 -6.975532258741711233e-01
1.124641958839778022e+00 6.052113255960210880e-01 -6.910001281855036037e-01
1.096713622777756303e+00 5.975790677781978033e-01 -6.602477950357746872e-01
1.096234177864917836e+00 5.974480740105484466e-01 -6.596971968144093035e-01
1.089632842810502211e+00 5.956449964491380422e-01 -6.520339723627336381e-01
1.022299779452961799e+00 5.774436777533972220e-01 -5.638336139932230706e-01
1.008594210993250861e+00 5.738270901608352181e-01 -5.432129145917264923e-01
1.004573565418643177e+00 5.727756299332781298e-01 -5.369578456132308997e-01
9.960246388989337785e-01 5.705567152598383096e-01 -5.233262723582775555e-01
9.937076905716865083e-01 5.699596287059643940e-01 -5.195509701419220860e-01
9.860818743695128896e-01 5.680088240612125583e-01 -5.068690385216791938e-01
9.785498686482384523e-01 5.661060482708943908e-01 -4.939373423015434028e-01
9.593410761280704024e-01 5.613860816751442551e-01 -4.589265944554697940e-01
9.316657418407758851e-01 5.550546702774767915e-01 -4.022618285866210730e-01
9.133866836162564118e-01 5.513320667691562482e-01 -3.595764743528518381e-01
8.811408083758618393e-01 5.463611493894057203e-01 -2.687258940084183978e-01
8.761372335714114890e-01 5.458835184102233118e-01 -2.520338597292045568e-01
8.602355104616467019e-01 5.452926768638630683e-01 -1.914797197036999798e-01
8.586453122239617874e-01 5.453395320912821642e-01 -1.845975979056274363e-01
8.476352126765667183e-01 5.465281993611078581e-01 -1.305075840258791697e-01
8.452379346276153171e-01 5.470675438743892727e-01 -1.166907003961424605e-01
8.385177861863802873e-01 5.495280885485808176e-01 -7.127594578843000905e-02
8.337352731877655243e-01 5.528737164150526739e-01 -2.799187325616897884e-02
8.296343415856489711e-01 5.592650920327065789e-01 3.271102468914850736e-02
8.294354620179288373e-01 5.598662155133553586e-01 3.758146925209675249e-02
8.292300284257246856e-01 5.605757782436356917e-01 4.319607363592584126e-02
8.285997280267359821e-01 5.642157073821441049e-01 7.003438830428670991e-02
8.285086433354361679e-01 5.658429078046089966e-01 8.113586534606659351e-02
8.291150829751697815e-01 5.729770405444393200e-01 1.249467358626942248e-01
8.484165851627514243e-01 6.162261823844722430e-01 3.079334730659487596e-01
8.657911021394126827e-01 6.431705184135696474e-01 3.884886660007064729e-01
8.804341329515176229e-01 6.640797367722014455e-01 4.416229076994392377e-01
8.896672347702119232e-01 6.768163678196118527e-01 4.709681854986641492e-01
8.940027093296718519e-01 6.827133102986885360e-01 4.838925384189080581e-01
9.247184055423837146e-01 7.235205025012525493e-01 5.638635583705545740e-01
9.659813195872377634e-01 7.770588068000252591e-01 6.496118479408367063e-01
9.921284118156618037e-01 8.107897195673426927e-01 6.953078151535204698e-01
1.002722101118890263e+00 8.244682930643151275e-01 7.123271058097297992e-01
1.002935524271339141e+00 8.247440476983383117e-01 7.126619336021686735e-01
1.009817221610452620e+00 8.336404041118131714e-01 7.232948085075197042e-01
1.011179669251196067e+00 8.354029238044464734e-01 7.253630298619919703e-01
1.035588280719156096e+00 8.670658967862677757e-01 7.604868301631642069e-01
1.069943936361974712e+00 9.120076574817425064e-01 8.043867751383521059e-01
1.070548552458973290e+00 9.128033721550115054e-01 8.051069654057556590e-01
1.110900536318127019e+00 9.663556692844007534e-01 8.494890337632970967e-01
1.118024602747191176e+00 9.759098948016238229e-01 8.566135726550013763e-01
1.118678582441450686e+00 9.767885774816099653e-01 8.572574656960373352e-01
1.120091634778732859e+00 9.786880863383974338e-01 8.586429609214683012e-01
1.157968247863241373e+00 1.030110490823996194e+00 8.929501992855327641e-01
1.170044482711489531e+00 1.046724498536997228e+00 9.027888781474107116e-01
1.190538790654929180e+00 1.075182482450594001e+00 9.183289900389718374e-01
1.201747906986087244e+00 1.090893867164546505e+00 9.262281118935592472e-01
1.204221761756682829e+00 1.094375848271470275e+00 9.279152640369571214e-01
1.212874787571374569e+00 1.106597216299022524e+00 9.336583625563106281e-01
1.221895415137997043e+00 1.119408982003027297e+00 9.393856202133952227e-01
1.294130626594475864e+00 1.224875725408735239e+00 9.759218492838220849e-01
1.386630646017613655e+00 1.368876453979795071e+00 9.986718700827732498e-01
1.419877259737835962e+00 1.423680992498389308e+00 9.999427413570634027e-01
1.443271684292176449e+00 1.463403379784334213e+00 9.984654087523938681e-01
1.447325724937206015e+00 1.470392610118548049e+00 9.980006984895071209e-01
1.448746948978954618e+00 1.472850528383841784e+00 9.978228169791624191e-01
1.482307107800562740e+00 1.532125822935803017e+00 9.912740627728046094e-01
1.513741801315798163e+00 1.590047768418921592e+00 9.807288493935786278e-01
1.516575924075759030e+00 1.595398381022704815e+00 9.795493852248748912e-01
1.526882788180422779e+00 1.615051871660863947e+00 9.749194753086602994e-01
1.536674688504103825e+00 1.634020222576113568e+00 9.700071769747143913e-01
1.614715543737473613e+00 1.798358170690578683e+00 9.089530428726061428e-01
1.676443566183933198e+00 1.955540720919080266e+00 8.176101441968616212e-01
1.678919958007589530e+00 1.962735382547495577e+00 8.125813935640475716e-01
1.716568536676176038e+00 2.089376086387226383e+00 7.101112516143308628e-01
1.721522522112983067e+00 2.110064348423937641e+00 6.906015314443041397e-01
1.736026238090089269e+00 2.184786544942463937e+00 6.124183059743443236e-01
1.741453203138417560e+00 2.226590251152866795e+00 5.626090463009628673e-01
1.739424254205861109e+00 2.364299677259888988e+00 3.540701932828073661e-01
1.734855322274720058e+00 2.386375477194535133e+00 3.112110873819599610e-01
1.712494462618903812e+00 2.444177814243687852e+00 1.759458236470355097e-01
1.700996688928459566e+00 2.461708732031857583e+00 1.244714496531995618e-01
1.690517727115450342e+00 2.474183182983349827e+00 8.275236851058140330e-02
1.673697987566367340e+00 2.489409945114409606e+00 2.289857402424296667e-02
1.664970774920700336e+00 2.495552015274894231e+00 -5.551493566668586413e-03
1.664253898820797994e+00 2.496011897522022238e+00 -7.822314580928324892e-03
1.643353106450603507e+00 2.506901051258488167e+00 -7.029804569158705496e-02
1.579558673880798514e+00 2.518988614122455783e+00 -2.296818943976202676e-01
1.571462478863740353e+00 2.518890537285122910e+00 -2.474943711687571934e-01
1.493708471877852606e+00 2.505161518103692142e+00 -3.996310843883671415e-01
1.469493383198353209e+00 2.497045149803960751e+00 -4.413166878496846968e-01
1.460093105416060411e+00 2.493485418996272962e+00 -4.568909860538893364e-01
1.442433673837381303e+00 2.486220833607899028e+00 -4.852892798258208185e-01
1.414396061654839887e+00 2.473239194623888526e+00 -5.282159091536779982e-01
1.413357874112617374e+00 2.472726173767626712e+00 -5.297570517941809776e-01
1.406371024477092391e+00 2.469215850296650139e+00 -5.400421475642983582e-01
1.401779062194151937e+00 2.466854683219589894e+00 -5.467207185733893304e-01
1.370340550039578442e+00 2.449583958399173422e+00 -5.907836404902330196e-01
1.344638508904679508e+00 2.434109014329381981e+00 -6.247606519798083458e-01
1.314996998027089692e+00 2.414851926122044468e+00 -6.618032101589407246e-01
1.312824230563397476e+00 2.413383427234174761e+00 -6.644315889156134913e-01
1.277159438800551383e+00 2.388216851209911340e+00 -7.059435780468821253e-01
1.259951486501227347e+00 2.375382018141452889e+00 -7.249033511255578155e-01
1.250599670151329335e+00 2.368224521937866811e+00 -7.349236044747713414e-01
1.233652801189119019e+00 2.354934432983602832e+00 -7.525818509463519934e-01
1.224987107258043384e+00 2.347982186335003441e+00 -7.613655631388769329e-01
1.100887410853897075e+00 2.237514100478953605e+00 -8.696456303243773611e-01
1.041444798289249407e+00 2.177828203677113716e+00 -9.102630372149654869e-01
9.939436003413004705e-01 2.127155779356872500e+00 -9.375252321168326963e-01
9.115341584987425305e-01 2.033148941606777171e+00 -9.736293221763197003e-01
8.441404082712734569e-01 1.950621233106675456e+00 -9.921011770943338748e-01
8.405484385050426832e-01 1.946080919056007330e+00 -9.927923358390351449e-01
6.998523482148031327e-01 1.756937161601050734e+00 -9.940631986490566785e-01
6.193888657471079418e-01 1.638774727904956263e+00 -9.687396577565086098e-01
5.942142824607563600e-01 1.600297064976673678e+00 -9.561297011893925557e-01
5.933024770528828595e-01 1.598889925672577705e+00 -9.556267724013456366e-01
5.344741963683612429e-01 1.506117488891797640e+00 -9.157012702451602371e-01
5.117636147842586913e-01 1.469268382193416489e+00 -8.959496302748165553e-01
4.546821660666668374e-01 1.374222881803083496e+00 -8.335056048461302325e-01
4.539957022566447065e-01 1.373059837278429285e+00 -8.326292498549612286e-01
4.530994453913297915e-01 1.371540674951727823e+00 -8.314801541569217802e-01
4.253881174684692734e-01 1.324209284968764999e+00 -7.930609808386676063e-01
4.175159627714712385e-01 1.310644846309120704e+00 -7.810565572029668502e-01
3.956234319819592615e-01 1.272687474824285792e+00 -7.448434930924703323e-01
3.637919382689419612e-01 1.217057848041047885e+00 -6.837305936264205242e-01
3.198423291580503314e-01 1.140309989061939477e+00 -5.784986718324162114e-01
3.049160073291501960e-01 1.114652888295500688e+00 -5.357223951200873469e-01
2.904737847352150681e-01 1.090288450995539060e+00 -4.900738291581099304e-01
2.850221278440028816e-01 1.081258308450548267e+00 -4.716117504434615970e-01
2.823823609901652820e-01 1.076926534132661040e+00 -4.624086736809289722e-01
2.750622704647724959e-01 1.065075785739594938e+00 -4.359327647694908880e-01
2.710589012866866376e-01 1.058709138375580228e+00 -4.208240251762569994e-01
2.634173743184184957e-01 1.046825701951535681e+00 -3.906470865886932931e-01
2.610609372458671529e-01 1.043242455593928586e+00 -3.809647784661617242e-01
2.568579991034087850e-01 1.036960109268967534e+00 -3.632256201053933875e-01
2.514749183850369940e-01 1.029142092461795110e+00 -3.395752423846091217e-01
2.294958097129714547e-01 1.000899145173271831e+00 -2.302675564911152439e-01
2.282259292371675019e-01 9.995075876194279285e-01 -2.232243139373110141e-01
2.257862457827861102e-01 9.969291727184255159e-01 -2.094361608004832731e-01
2.069271420974728437e-01 9.824806886932619943e-01 -8.974729183897349472e-02
1.893983840231962257e-01 9.830826355003268180e-01 4.817178174624456993e-02
1.733255294787482415e-01 1.006410636961039051e+00 2.049462322037228224e-01
1.583581949474413553e-01 1.062118290829112688e+00 3.771768236550974152e-01
1.566281981270833124e-01 1.071208689595491981e+00 3.979639201516312896e-01
1.536408453573529787e-01 1.088198740822118094e+00 4.338011413811163619e-01
1.382907572417827746e-01 1.195746887861959040e+00 6.049244639036966964e-01
1.350019671981051717e-01 1.221393617180748459e+00 6.366316043720768869e-01
1.338840896299265948e-01 1.230185757268010383e+00 6.469290185854613684e-01
1.336823683628602377e-01 1.231774906657311819e+00 6.487610601711552016e-01
1.334481593673491340e-01 1.233620820123825457e+00 6.508781315278296953e-01
1.274849518151658090e-01 1.280693542318733114e+00 7.011874827510583552e-01
1.242429926013931402e-01 1.306120909561719001e+00 7.257266374050757030e-01
1.129999954814478458e-01 1.391720132774902918e+00 7.972116484641210699e-01
1.122046585658922208e-01 1.397583068013021679e+00 8.015557808176407839e-01
1.093530642062896935e-01 1.418372828156460264e+00 8.164486901567795663e-01
1.066510560096344540e-01 1.437733348504812714e+00 8.296281141623372823e-01
9.993023946043097516e-02 1.484450153124792449e+00 8.588721123446750871e-01
9.169633021354935132e-02 1.538947635240562661e+00 8.887857155030595147e-01
8.557001513159449846e-02 1.577641598050414373e+00 9.075058312835768692e-01
7.656452216908869735e-02 1.631865080922930478e+00 9.304811538630510803e-01
7.261738273989837289e-02 1.654703313134266551e+00 9.390780262884483864e-01
7.155951654017070340e-02 1.660733080970605569e+00 9.412444983758574413e-01
7.033231390924066240e-02 1.667680969573268168e+00 9.436880538934842022e-01
4.355508590429730403e-02 1.807978992798568552e+00 9.814933056083738894e-01
3.818526198170818769e-03 1.984604359037854149e+00 9.998815366529728577e-01
-5.934928788696479558e-03 2.023453626575599795e+00 9.997247216385553026e-01
-5.698981263411404680e-02 2.204554918143617037e+00 9.787008914139433413e-01
-6.829904892598027966e-02 2.240361186041561314e+00 9.704251985351713961e-01
-8.974438540752648075e-02 2.304617843298661484e+00 9.519142607039610127e-01
-9.090985904340469215e-02 2.307981026015641923e+00 9.508112687858688572e-01
-2.229981586266390203e-01 2.618959893490854451e+00 7.778607881689993953e-01
-2.856039604242996965e-01 2.726378588625221866e+00 6.711770248196160527e-01
-3.194068445182745575e-01 2.775271647810697129e+00 6.084509315237771609e-01
-3.593317823117389009e-01 2.825175977369758673e+00 5.300988456834084817e-01
-4.172519175550244430e-01 2.882706376150304006e+00 4.085252427277078491e-01
-4.463600800548406800e-01 2.904909120347555884e+00 3.439109547091662722e-01
-4.478961138148301324e-01 2.905953432100604417e+00 3.404349732007707074e-01
-4.581440220932697094e-01 2.912589089245253948e+00 3.170720385100853078e-01
-4.671610500960874934e-01 2.917946248609936788e+00 2.962652240384656688e-01
-4.940745532176258892e-01 2.931190941518581727e+00 2.327386389355327045e-01
-4.980463813048068844e-01 2.932788981182207433e+00 2.231787391604554693e-01
-5.570244704226076093e-01 2.944949954065362085e+00 7.522731982160071884e-02
-5.625850145452218065e-01 2.944902841142225558e+00 6.065909029353534071e-02
-5.718713310277702133e-01 2.944326569948848782e+00 3.607114832264880083e-02
-6.003798233810681007e-01 2.938428318463198075e+00 -4.155956382344654088e-02
-6.489345937749575466e-01 2.911783171379982882e+00 -1.824275852204960136e-01
-6.917184979189214822e-01 2.865663874168568714e+00 -3.183713864486690248e-01
-7.012472714127230278e-01 2.851545365666448006e+00 -3.506555461426819065e-01
-7.138345531191189197e-01 2.830164820448433094e+00 -3.947236998165860045e-01
-7.233175090556350773e-01 2.811681355955195194e+00 -4.291583197017589391e-01
-7.254430945146610465e-01 2.807221710104965240e+00 -4.370410319854149406e-01
-7.374130920918737786e-01 2.779624215883490734e+00 -4.827173270593005938e-01
-7.545376404200547782e-01 2.731017887916895148e+00 -5.527686761495391732e-01
-7.743671174685747838e-01 2.653902098954612931e+00 -6.445420957087313329e-01
-7.757725263980237429e-01 2.647139084168742329e+00 -6.517055077262323692e-01
-7.765268865238525997e-01 2.643413141606814953e+00 -6.555989652381455368e-01
-7.803765918448178907e-01 2.623235657929372966e+00 -6.760552684873910589e-01
-7.810960208218653555e-01 2.619226062963618151e+00 -6.799984776441029277e-01
-7.927027547912853800e-01 2.538945698836598819e+00 -7.514269147722958397e-01
-7.976353455140515747e-01 2.488569808589653487e+00 -7.898701186701725385e-01
-7.979133711359046588e-01 2.485142898556138125e+00 -7.923275251093246929e-01
-7.992788210049611708e-01 2.466884250099628417e+00 -8.051008304889520906e-01
-8.013519625321969819e-01 2.432345554290776146e+00 -8.278490266223088589e-01
-8.030307337230665476e-01 2.390564117068190608e+00 -8.530460311819632047e-01
-8.039189617265500853e-01 2.344211725479159902e+00 -8.782356881144800509e-01
-7.990372474264466618e-01 2.163720117488436401e+00 -9.518564860289083773e-01
-7.954497455535468609e-01 2.111162458602883429e+00 -9.666643829895391615e-01
-7.953788018358269873e-01 2.110238387948769834e+00 -9.668996123434575596e-01
-7.832502691255420757e-01 1.983598754961164223e+00 -9.911645426713266982e-01
-7.706704104128437871e-01 1.884515293309025896e+00 -9.993514822602355130e-01
-7.616528600631828905e-01 1.823286518694177349e+00 -9.997114286138683026e-01
-7.594413997302628117e-01 1.809145172377896849e+00 -9.992807739820904755e-01
-7.251065855857409259e-01 1.617974087326122579e+00 -9.739007201531666436e-01
-6.930481716192342656e-01 1.468812068098210188e+00 -9.266632127952884046e-01
-6.870072354013797566e-01 1.442709468312229681e+00 -9.156102045808262035e-01
-6.436583124411662249e-01 1.267950447996463614e+00 -8.160144382082565873e-01
-6.369240305506179700e-01 1.242301517256188870e+00 -7.970302606720353067e-01
-6.338580407789188298e-01 1.230721553029803461e+00 -7.880272344759526870e-01
-6.317146075784139114e-01 1.222659261465731673e+00 -7.815934527192942571e-01
-5.891784587811642604e-01 1.065902249621420772e+00 -6.231521451012059787e-01
-5.799814320684645308e-01 1.031822553610058035e+00 -5.775628366806397906e-01
-5.789839294447574058e-01 1.028087520361790741e+00 -5.722337901316253417e-01
-5.714749364253972619e-01 9.995735611965669287e-01 -5.290412405528809314e-01
-5.605112848609961063e-01 9.556755898875702870e-01 -4.518792866855281254e-01
-5.538700159664489142e-01 9.260831351726019900e-01 -3.897388698888035186e-01
-5.524473706456418665e-01 9.191128794129879154e-01 -3.734878993201162789e-01
-5.452683424567544845e-01 8.620003827661816276e-01 -1.989062740789063755e-01
-5.458467626312887289e-01 8.519748687475190430e-01 -1.533940531023434972e-01
-5.462700850696751154e-01 8.490403632469201156e-01 -1.381898878370018680e-01
-5.507072627212487026e-01 8.364785942912263961e-01 -5.450237970262315768e-02
-5.572292438960532168e-01 8.305004105691644600e-01 1.534061648345629719e-02
-5.629685919668044880e-01 8.287435531941282907e-01 6.117594484407284233e-02
-5.663200737568510057e-01 8.285008247641183488e-01 8.430124466195051958e-02
-5.826096500610664641e-01 8.317064538932534834e-01 1.751892782738199983e-01
-5.839222794799937555e-01 8.321714473061514461e-01 1.814482275837778213e-01
-5.855457658519567232e-01 8.327767130644166960e-01 1.890261465903434190e-01
-6.070422838059570392e-01 8.431017145614452257e-01 2.762134036473443688e-01
-6.235810125846054097e-01 8.529331356080052107e-01 3.315826012161608438e-01
-6.470716952113100273e-01 8.684635714214614666e-01 3.989315142145652970e-01
-6.607627249388933199e-01 8.780636865460166307e-01 4.336321425161369647e-01
-7.063164396377510368e-01 9.116455994023887621e-01 5.319875962386541035e-01
-7.565112071134904026e-01 9.500807256768686315e-01 6.188367519396065219e-01
-7.714443976749969512e-01 9.616323774179362793e-01 6.414406700861521315e-01
-9.150621710936499564e-01 1.072264125160457882e+00 8.071411462575089901e-01
-9.736977377182410853e-01 1.116377249699028740e+00 8.549841197050512820e-01
-1.038393106967476776e+00 1.163998764446278589e+00 8.979276143777548125e-01
-1.079476517192415441e+00 1.193609864048860381e+00 9.205348872903510449e-01
-1.096957916242831566e+00 1.206053817023997832e+00 9.291517128064832320e-01
-1.112691319647796329e+00 1.217172047534840651e+00 9.364196358773086981e-01
-1.143509565804656125e+00 1.238722752649022985e+00 9.493692347205148208e-01
-1.149957759218366515e+00 1.243193274213892474e+00 9.518697184745614770e-01
-1.215073153702229902e+00 1.287572310264436304e+00 9.732803500817657216e-01
-1.266825295708541521e+00 1.321826441614283976e+00 9.855931195759549679e-01
-1.309563769227040764e+00 1.349415970418085253e+00 9.928214086789516335e-01
-1.354170446040301679e+00 1.377521740035743569e+00 9.976626812046160975e-01
-1.381167395245190388e+00 1.394183191111379561e+00 9.992962823864871558e-01
-1.447031299901428758e+00 1.433701952644141464e+00 9.993149758807773342e-01
-1.493432387766125302e+00 1.460556028274441198e+00 9.960392531431376817e-01
-1.602709561342046118e+00 1.520429137817643550e+00 9.778816836146975167e-01
-1.632864699893834315e+00 1.536082597822192364e+00 9.703189046915302596e-01
-1.657490065693407288e+00 1.548575188212859111e+00 9.633247540739102721e-01
-1.704011501074782275e+00 1.571442625262082560e+00 9.480933811451577320e-01
-1.963045637452605519e+00 1.679025997419897553e+00 8.123627538297202300e-01
-2.007965871368769584e+00 1.693702933436862512e+00 7.791069352164972095e-01
-2.040387052441444915e+00 1.703418000749276739e+00 7.530428778813622603e-01
-2.043821305873073424e+00 1.704401499572642420e+00 7.501758017482234031e-01
-2.121372064575299365e+00 1.724068879816795352e+00 6.795688856270913902e-01
-2.224704548471436727e+00 1.741255986692566982e+00 5.649627485789615600e-01
-2.260990985620278337e+00 1.744172942145985727e+00 5.177046575026300612e-01
-2.282642034797132791e+00 1.744949737231640263e+00 4.873539339223024180e-01
-2.331837821962889912e+00 1.743473681351427773e+00 4.111722288946115245e-01
-2.399260418885837076e+00 1.731353744689445584e+00 2.843448140106190625e-01
-2.509437191639937836e+00 1.636817828302995048e+00 -8.854663611318078220e-02
-2.516916604937208035e+00 1.606877562075707422e+00 -1.660221947220695271e-01
-2.517137980763775040e+00 1.605364803478516622e+00 -1.697050749496384903e-01
-2.504328742010244913e+00 1.490987987656982483e+00 -4.044317734077819138e-01
-2.466773582110834084e+00 1.401622788489741422e+00 -5.469468845978896487e-01
-2.451394423583534099e+00 1.373483048680635532e+00 -5.865059840735792340e-01
-2.436826063681875265e+00 1.349014450524771869e+00 -6.191005877335230556e-01
-2.423753610829410654e+00 1.328419914409736835e+00 -6.453051191568717204e-01
-2.411464414640654752e+00 1.310001658623953347e+00 -6.678286758150453473e-01
-2.408766296473825896e+00 1.306064420673694215e+00 -6.725347190280229759e-01
-2.387369682811246729e+00 1.276005129432625562e+00 -7.072367944289313924e-01
-2.340579741348218779e+00 1.215899658526751415e+00 -7.704002734098616134e-01
-2.195050184202392174e+00 1.058174385002298212e+00 -8.995602314722370707e-01
-2.181113422736477681e+00 1.044611625451202341e+00 -9.082809022805664600e-01
-2.129314546743767966e+00 9.959187697903402192e-01 -9.364843426083832023e-01
-2.081300619678684516e+00 9.529064945972847145e-01 -9.573078575125129053e-01
-2.080709017981168252e+00 9.523879639067847069e-01 -9.575351374709610841e-01
-2.059054746269042724e+00 9.335873743834099958e-01 -9.653883599884565125e-01
-2.038838392685529133e+00 9.163380446317038741e-01 -9.719243435881927962e-01
-1.992751252139689289e+00 8.780288065581497436e-01 -9.841006712528461708e-01
-1.812018779807555324e+00 7.391694095503266171e-01 -9.990743515665972962e-01
-1.726586072632217528e+00 6.787013506889489900e-01 -9.894596800073285348e-01
-1.683595059247298575e+00 6.493262299380306857e-01 -9.806979910088122754e-01
-1.617513592886297591e+00 6.054202878874871407e-01 -9.620431888021452327e-01
-1.577609239757700399e+00 5.795866407084205862e-01 -9.476556009982529671e-01
-1.323361790231193158e+00 4.248954354179493853e-01 -7.923245742329598773e-01
-1.292126787754622974e+00 4.068122404203974307e-01 -7.638905149760352176e-01
-1.250547910471593305e+00 3.829289786522575567e-01 -7.217658011435721388e-01
-1.133659264757810092e+00 3.159933010004011278e-01 -5.678604270760442274e-01
-1.089368547362451034e+00 2.899213190698349818e-01 -4.882353331201116919e-01
-1.089308789648876230e+00 2.898854089953473712e-01 -4.881155829895716947e-01
-1.069386247140617474e+00 2.777429971427121669e-01 -4.457964853782490078e-01
-1.069352740877231867e+00 2.777222441366399286e-01 -4.457208839606648931e-01
-1.068100196829360415e+00 2.769455150301459168e-01 -4.428828738474110960e-01
-1.066586958717922862e+00 2.760046484424579227e-01 -4.394229284553485271e-01
-1.046823963996556195e+00 2.634162379112100494e-01 -3.906424614855004696e-01
-1.002980529428376455e+00 1.747851888617705240e-01 1.893802052990128104e-01
-1.040780404861112229e+00 1.629377557974040491e-01 3.225789346724961537e-01
-1.051106142664423482e+00 1.606152273428106958e-01 3.501512098415333618e-01
-1.063406786397861570e+00 1.581063448234003299e-01 3.802009510776196977e-01
-1.064992087726138736e+00 1.577996291275786389e-01 3.838852312871977035e-01
-1.174740561038613906e+00 1.410361535457598792e-01 5.768876293101671271e-01
-1.239640796239060760e+00 1.326850082786794616e-01 6.577017347279079384e-01
-1.245277841179661893e+00 1.319710862470871438e-01 6.639818163031808718e-01
-1.301467023462622885e+00 1.248385986440941481e-01 7.213609121548900660e-01
-1.338709773437182893e+00 1.200343035957677218e-01 7.548307516477372747e-01
-1.340915560515686833e+00 1.197466626535901302e-01 7.567121248113192200e-01
-1.354519863379561651e+00 1.179636817620067363e-01 7.680806026075673865e-01
-1.359418729893273392e+00 1.173176772697154674e-01 7.720774834132647646e-01
-1.432959937453117449e+00 1.073215680894766405e-01 8.264386674098556096e-01
-1.497649225840421261e+00 9.797650309199554264e-02 8.665159557227642972e-01
-1.596841749045055048e+00 8.243877290056358942e-02 9.160641900357622269e-01
-1.726652831811939848e+00 5.955079374950000837e-02 9.622065893965334737e-01
-2.179535407221883769e+00 -4.934272448077729051e-02 9.836494278196673546e-01
-2.296292648720037022e+00 -8.687838059034004579e-02 9.545859884741861867e-01
-2.306566118099576457e+00 -9.041899694628365014e-02 9.512769702466601363e-01
-2.546460232462311346e+00 -1.869709671895135317e-01 8.329720468548837964e-01
-2.693685445705318315e+00 -2.651092764817165603e-01 7.075134541725704995e-01
-2.696178214465597023e+00 -2.666215720922253674e-01 7.048774829140428411e-01
-2.761202219477516984e+00 -3.092313788054214529e-01 6.276893568415641278e-01
-2.871828343444029041e+00 -4.048020575755947315e-01 4.354401020549853452e-01
-2.884176989449837247e+00 -4.190108746792396421e-01 4.046879587753905438e-01
-2.935997093377797018e+00 -5.068553640157223983e-01 2.018020121757700958e-01
-2.938439093393555801e+00 -5.146353563312697776e-01 1.827195619227164614e-01
-2.941765842213893922e+00 -5.280490368353800701e-01 1.493611828774467076e-01
-2.943222264287073120e+00 -5.361719268251080583e-01 1.288711264745430185e-01
-2.944544804039009200e+00 -5.693599288092492383e-01 4.275315372220131471e-02
-2.941591131586357211e+00 -5.888587152720879958e-01 -9.781333303424982750e-03
-2.927809534886217868e+00 -6.249818972007310514e-01 -1.114321627711537949e-01
-2.903951471326521094e+00 -6.581128413325697535e-01 -2.105144421496434326e-01
-2.887878562560504569e+00 -6.740006180768332023e-01 -2.604473245060056619e-01
-2.830315987866732996e+00 -7.137521200475198668e-01 -3.944293036322235046e-01
-2.802380273804027766e+00 -7.276859578420783459e-01 -4.454290054979269109e-01
-2.614689189468005992e+00 -7.818925235670376450e-01 -6.844132970017284823e-01
-2.563957781041928730e+00 -7.896196822222579792e-01 -7.306117990347769098e-01
-2.511248690326369104e+00 -7.956153641738354931e-01 -7.731123362281465683e-01
-2.485876021058076368e+00 -7.978544801249086715e-01 -7.918034277206622562e-01
-2.319295490674151416e+00 -8.040029047505685700e-01 -8.906446437780182190e-01
-2.201846252074231902e+00 -8.010681209096413014e-01 -9.393207487414680923e-01
-2.127966282245596030e+00 -7.966930700704597523e-01 -9.622364952746057520e-01
-2.099441205967640833e+00 -7.945302225397059548e-01 -9.695845841327297432e-01
-2.045198818890069159e+00 -7.897326815918280785e-01 -9.813211385687269361e-01
-1.947090623469201143e+00 -7.789148459864644325e-01 -9.952736575441101241e-01
-1.918620135719548481e+00 -7.752887894261560886e-01 -9.975929529598454026e-01
-1.880173244893131423e+00 -7.700613352249530141e-01 -9.994955459002589082e-01
-1.794929521642158576e+00 -7.571707301869724516e-01 -9.986520986504017205e-01
-1.665793053630687526e+00 -7.344411189104890214e-01 -9.837604790890996931e-01
-1.661666028610293777e+00 -7.336544362069913339e-01 -9.830048349255333662e-01
-1.643778532132935011e+00 -7.302031581985857223e-01 -9.795229426983015353e-01
-1.616177603632254822e+00 -7.247466439451907272e-01 -9.734826265310800864e-01
-1.452660357603990704e+00 -6.893245542818663418e-01 -9.199289679479616400e-01
-1.398129341814568161e+00 -6.764136426312979955e-01 -8.946131012212050759e-01
-1.389164574274023067e+00 -6.742425296332102969e-01 -8.900536264497838079e-01
-1.368120924103995328e+00 -6.690941622542169176e-01 -8.788877671100632227e-01
-1.363763535493127899e+00 -6.680191634371218656e-01 -8.764928152753365120e-01
-1.128643617846639913e+00 -6.063041683932861581e-01 -6.952038908805244777e-01
-1.092142221327651486e+00 -5.963302723156637120e-01 -6.549652018252655195e-01
-1.014910537911476451e+00 -5.754879940455780440e-01 -5.528474936365037617e-01
-9.626967875923717610e-01 -5.621949128596254175e-01 -4.652697003895429062e-01
-9.579134885098067320e-01 -5.610442655514630284e-01 -4.561968803105250214e-01
-9.545839276969734222e-01 -5.602525944008698300e-01 -4.497557904408298057e-01
-9.185116810640263640e-01 -5.523278847596890806e-01 -3.720520510044180162e-01
-8.550457293546879223e-01 -5.455445063757657920e-01 -1.682716559602311368e-01
-8.416386267292021994e-01 -5.481719921400295403e-01 -9.385701178559202607e-02
-8.315778392432624511e-01 -5.554103729306818504e-01 -1.544369336607733087e-03
-8.286572300146042291e-01 -5.696829153734107587e-01 1.055884970696940317e-01
-8.312147868225489011e-01 -5.811439986032469474e-01 1.680530733721720960e-01
-8.411560943264906332e-01 -6.034768815249498264e-01 2.631421545511518634e-01
-8.524355357498769603e-01 -6.227863881059334528e-01 3.290950270196323357e-01
-8.537167649397647828e-01 -6.248254664899064448e-01 3.354472496365352718e-01
-8.590419706675338496e-01 -6.330863212839908938e-01 3.601949691938398646e-01
-8.637405466708847346e-01 -6.401445681183768333e-01 3.802022978894489813e-01
-1.055096966424996952e+00 -8.925229315492870796e-01 7.861504492692177326e-01
-1.099195120975404505e+00 -9.507253756774227682e-01 8.373347921023339691e-01
-1.110762044508690094e+00 -9.661702513425431960e-01 8.493485133534790510e-01
-1.111079722074990173e+00 -9.665955874903239264e-01 8.496707290793066303e-01
-1.217275712355090800e+00 -1.112838536042290549e+00 9.364855063180406169e-01
-1.239030471485471629e+00 -1.143952792364109294e+00 9.495433839669088494e-01
-1.291822654449573227e+00 -1.221420505542842427e+00 9.750075796686213936e-01
-1.399007216020740740e+00 -1.389065539550754513e+00 9.995931560211356315e-01
-1.428580657835243795e+00 -1.438340625278542007e+00 9.996291613603043302e-01
-1.429174576074754954e+00 -1.439346001011774456e+00 9.995976862525393081e-01
-1.450521669315568474e+00 -1.475925473801054544e+00 9.975897073530215486e-01
-1.496338002395518840e+00 -1.557668384786625060e+00 9.871260847255582949e-01
-1.504740858101682122e+00 -1.573201422422965789e+00 9.842158585389068071e-01
-1.508376945825525617e+00 -1.579980343222901151e+00 9.828540490182170464e-01
-1.534684774890270109e+00 -1.630141154479428867e+00 9.710472336045496977e-01
-1.553143278088715773e+00 -1.666627913158207352e+00 9.605417671979555871e-01
-1.618914106664297581e+00 -1.808053258233292437e+00 9.042895154146609604e-01
-1.639745734256645271e+00 -1.857950690305055552e+00 8.783309720329554038e-01
-1.643605640947649826e+00 -1.867565230669818277e+00 8.729452469868351772e-01
-1.655200400632752311e+00 -1.897261951974225758e+00 8.555047728700848619e-01
-1.683610542456212888e+00 -1.976639694903292499e+00 8.026364471754372509e-01
-1.698884879253979241e+00 -2.024939595467982745e+00 7.656848759706781360e-01
-1.704416851334242144e+00 -2.043875161541075958e+00 7.501306747146997411e-01
-1.711222883254685634e+00 -2.068585067570824165e+00 7.288750835877341183e-01
-1.718035601367281728e+00 -2.095342890174619388e+00 7.045720325219884117e-01
-1.722340703418580921e+00 -2.113641676247790535e+00 6.871400212186664636e-01
-1.728167915919059938e+00 -2.140818143870603762e+00 6.599577404583815143e-01
-1.744785685373258621e+00 -2.308589204774710968e+00 4.485405845855353069e-01
-1.726143587977094107e+00 -2.414810557539905034e+00 2.497399617273258210e-01
-1.725759449060010553e+00 -2.415830614848920366e+00 2.473760796608599488e-01
-1.712642952423774068e+00 -2.443917323172525968e+00 1.766611427985541050e-01
-1.705119877732874878e+00 -2.455964218102522523e+00 1.421265351186825343e-01
-1.695046202421622406e+00 -2.469129002195992406e+00 1.002821347287609910e-01
-1.684014572339568971e+00 -2.480674621661881130e+00 5.871509977537599928e-02
-1.682789583242514153e+00 -2.481806214799354038e+00 5.432240269365334190e-02
-1.673593102035954683e+00 -2.489490079961620861e+00 2.254729349727867260e-02
-1.669371149038737956e+00 -2.492584603390940234e+00 8.601530065902798436e-03
-1.650234138735339418e+00 -2.503813770700609176e+00 -5.046662780325558012e-02
-1.631627496573510028e+00 -2.511198073564271382e+00 -1.026646756918239006e-01
-1.606801249131325049e+00 -2.516928097137562048e+00 -1.662084624257774146e-01
-1.556924298835373310e+00 -2.517997094469607067e+00 -2.784184597143735673e-01
-1.542251089393931851e+00 -2.516237907830603415e+00 -3.083607433971507494e-01
-1.536309415426500458e+00 -2.515298474318267807e+00 -3.201491987781808213e-01
-1.514699827146391398e+00 -2.510866010329801945e+00 -3.615186893401887702e-01
-1.475993568122797805e+00 -2.499376215025530978e+00 -4.303531881216831056e-01
-1.444261712760579242e+00 -2.487006697635523622e+00 -4.824000714761488839e-01
-1.377182417059570563e+00 -2.453502294556901830e+00 -5.814349649122775299e-01
-1.347455747085587907e+00 -2.435862058926531404e+00 -6.211224668607672195e-01
-1.308252810466106419e+00 -2.410269009185337374e+00 -6.699236875374290356e-01
-1.226630880139951696e+00 -2.349308981125464602e+00 -7.597120760495494896e-01
-1.160224739109252834e+00 -2.292806461013340513e+00 -8.218898431443735220e-01
-1.159768353653994666e+00 -2.292398084531362734e+00 -8.222849141349803936e-01
-1.090893492144904497e+00 -2.227774596675802243e+00 -8.769783789785240424e-01
-1.016326193123787469e+00 -2.151357106121428941e+00 -9.252575663277102791e-01
-1.003917650887029778e+00 -2.138011301447357848e+00 -9.321863991271468475e-01
-1.003171899944837353e+00 -2.137203585077223522e+00 -9.325926998083293729e-01
-9.804493033522541090e-01 -2.112288078345653464e+00 -9.444195837616427003e-01
-9.456672818071737430e-01 -2.073013865503573250e+00 -9.604291754287710425e-01
-9.129930105331259815e-01 -2.034879449629662052e+00 -9.731168925119729751e-01
-9.003320504530395452e-01 -2.019781699093287308e+00 -9.774081423396978607e-01
-8.754996726561277143e-01 -1.989651112518394216e+00 -9.847888940763777077e-01
-8.185353312405112547e-01 -1.917942956239053975e+00 -9.963547140738390206e-01
-7.538383056681762229e-01 -1.832125531285433873e+00 -9.998223269193715623e-01
-7.139487230218509728e-01 -1.776885232787883684e+00 -9.963769164880380558e-01
-7.069826744111880057e-01 -1.767055367679267963e+00 -9.953074022827032019e-01
-6.919203899030020866e-01 -1.745614142438103089e+00 -9.924986007361910056e-01
-6.557007117434197063e-01 -1.693007226062444914e+00 -9.828416446733266865e-01
-6.081593550381401148e-01 -1.621700112708021058e+00 -9.634144996245688208e-01
-5.506497789831318324e-01 -1.532014587078086354e+00 -9.282204048340866320e-01
-5.496481848112543256e-01 -1.530419533263595033e+00 -9.274809064218729748e-01
-4.810752243980778720e-01 -1.418588148987431241e+00 -8.648330747667755114e-01
-4.674583546683204194e-01 -1.395785690722842087e+00 -8.492340232974261438e-01
-4.511076220191876374e-01 -1.368161794990843783e+00 -8.289063780455643293e-01
-4.236008425403610667e-01 -1.321133943405508271e+00 -7.903801899833978739e-01
-3.705476522718362808e-01 -1.228890939108596037e+00 -6.976296021691168470e-01
-3.411723826004687821e-01 -1.177444377390600039e+00 -6.330349323519676163e-01
-3.391302832852853277e-01 -1.173874870365922085e+00 -6.281160653592408050e-01
-3.206160662205665979e-01 -1.141649321616384105e+00 -5.806059010389085229e-01
-3.191037309153463286e-01 -1.139032200550201379e+00 -5.764774665042761148e-01
-2.704688687114762957e-01 -1.057778448009312644e+00 -4.185577293528330300e-01
-2.568238755185082156e-01 -1.036909710053249833e+00 -3.630790558463964923e-01
-2.438746625372668619e-01 -1.018620443953209387e+00 -3.042491064366175113e-01
-2.344817350911455878e-01 -1.006661591506742948e+00 -2.570797637933512902e-01
-2.337807696635233745e-01 -1.005824326320053030e+00 -2.533887828205307335e-01
-2.332659529208231108e-01 -1.005214837298567199e+00 -2.506619662347907562e-01
-2.319918302683614819e-01 -1.003726711040093811e+00 -2.438542127953857996e-01
-2.282547150891339749e-01 -9.995387664099042446e-01 -2.233849701826621792e-01
-2.272477013483149566e-01 -9.984583570476844860e-01 -2.177368363218821767e-01
-2.105427303877893119e-01 -9.843344392537277665e-01 -1.146970929510076342e-01
-2.099968897263667089e-01 -9.840214069583371748e-01 -1.109975453212387331e-01
-2.093848091248659837e-01 -9.836840079998265818e-01 -1.068211083231032643e-01
-1.847320983730995347e-01 -9.869558551263541979e-01 9.041162320943375852e-02
-1.805966257384745977e-01 -9.921907111865168050e-01 1.300511295800355072e-01
-1.785000470096526626e-01 -9.955855485004343475e-01 1.509640802655276559e-01
-1.627374749261963349e-01 -1.041630844686928237e+00 3.249439183111764162e-01
-1.616402450861078310e-01 -1.046423590400019199e+00 3.379452162189095499e-01
-1.614792158166080682e-01 -1.047146060008199875e+00 3.398591965158396788e-01
-1.455071038539415273e-01 -1.141798258255542597e+00 5.284448975137231441e-01
-1.438223175309743251e-01 -1.153988722663249034e+00 5.470751744305129005e-01
-1.424340079349102617e-01 -1.164245857484037971e+00 5.620933411479250852e-01
-1.373908175650702113e-01 -1.202722985960437585e+00 6.138082400917200809e-01
-1.337846076417097407e-01 -1.230969384998454430e+00 6.478335171989423324e-01
-1.309433030708105905e-01 -1.253397950174081732e+00 6.728480133006102815e-01
-1.236992523087677848e-01 -1.310361411928179232e+00 7.296574163030113969e-01
-1.212666923739108560e-01 -1.329226111695713364e+00 7.466173754545356589e-01
-1.165200303282879490e-01 -1.365444561359989928e+00 7.769252526536279957e-01
-1.000316818886656106e-01 -1.483760183607618854e+00 8.584652776037209332e-01
-9.452707664715459535e-02 -1.520542892856682426e+00 8.791626962577305804e-01
-8.294558253300805817e-02 -1.593759743589613143e+00 9.147221877371958243e-01
-8.215385795409575753e-02 -1.598570075258346268e+00 9.168114898716992478e-01
-6.750714587187593707e-02 -1.683487354700032190e+00 9.490386573590973152e-01
-5.760493275558037363e-02 -1.736920987369046543e+00 9.650341892865349491e-01
-4.243378122437350963e-02 -1.813430773196400558e+00 9.825359554079658997e-01
-2.220987697845993106e-02 -1.906829289170723918e+00 9.956622436727790015e-01
-6.977790832234066591e-03 -1.971679483629545704e+00 9.995992434760017087e-01
3.152253105112209214e-02 -2.118512330498854457e+00 9.929245633049396114e-01
3.777436856697055645e-02 -2.140371649924814434e+00 9.900515722658995710e-01
4.840662688934757596e-02 -2.176426198724707106e+00 9.842172447081317666e-01
8.075780375828775504e-02 -2.278248273454575923e+00 9.600935236255214722e-01
9.920816172447244341e-02 -2.331561704369585097e+00 9.426894459292010087e-01
1.137706928805474332e-01 -2.371448003973538388e+00 9.273579024483058486e-01
1.447889533449279453e-01 -2.450512746331740210e+00 8.906005144864751477e-01
1.610774828187594987e-01 -2.489061207643382900e+00 8.693097163567311547e-01
1.859389892266792577e-01 -2.544260077254352659e+00 8.344752625314540984e-01
2.394358676539678210e-01 -2.649367911015981125e+00 7.511202750905389136e-01
2.397072228260367643e-01 -2.649856365796904978e+00 7.506709278057835943e-01
2.440887709306737430e-01 -2.657683404137013650e+00 7.433805184931496779e-01
2.523372732934725526e-01 -2.672113982977411872e+00 7.294800450927230173e-01
2.638708273750961508e-01 -2.691634434448352931e+00 7.096666406820606454e-01
2.672683990604167725e-01 -2.697240459003586555e+00 7.037478128147320877e-01
3.156023192119569165e-01 -2.770076005842833311e+00 6.156793931895906402e-01
3.200811023088160345e-01 -2.776184394901709762e+00 6.071654817808268545e-01
3.299667759852702997e-01 -2.789289285316387978e+00 5.881681731470698171e-01
3.987939162080906264e-01 -2.866285849394347274e+00 4.482754033003681360e-01
4.419590297589428562e-01 -2.901845665439203970e+00 3.538332810234404713e-01
5.143799331770436689e-01 -2.938364824736789949e+00 1.833491125915089892e-01
5.163158810619942196e-01 -2.938917661986609531e+00 1.785722926763982366e-01
5.614984627943474527e-01 -2.944929361610571394e+00 6.351476957610131813e-02
5.735982756229436319e-01 -2.944149269915501854e+00 3.146217038646853537e-02
5.771397584463591190e-01 -2.943715512222851327e+00 2.197396729684676989e-02
6.762270787989254073e-01 -2.885350231493807538e+00 -2.675888166201152440e-01
7.178314716674191187e-01 -2.822644263434319178e+00 -4.090972256842321242e-01
7.520440303903572765e-01 -2.738911010654363931e+00 -5.421490531989571204e-01
7.540960423365131726e-01 -2.732439005857487224e+00 -5.508760756648305446e-01
7.771615472942410285e-01 -2.640223978635639401e+00 -6.589021226722419078e-01
7.781118963609829908e-01 -2.635351461322593902e+00 -6.638972927259412238e-01
7.824033110496140253e-01 -2.611723275082696194e+00 -6.872728618961344571e-01
7.875707489090774116e-01 -2.578811746663687732e+00 -7.176601871254937315e-01
8.013854011925253262e-01 -2.431684598983955059e+00 -8.282669664197309656e-01
8.023728669320803197e-01 -2.409623200880856686e+00 -8.418561421983832282e-01
8.039456027600461185e-01 -2.340885059980138738e+00 -8.799371121981631738e-01
8.040057043546771087e-01 -2.326602485138039356e+00 -8.870850375106924535e-01
8.033339262981071816e-01 -2.266426140355989105e+00 -9.145000460705359213e-01
8.013069367318734759e-01 -2.207060102743027663e+00 -9.374863830590222102e-01
7.972754091043078306e-01 -2.136284559224223223e+00 -9.599385873401655722e-01
7.948686300686538253e-01 -2.103692235920708864e+00 -9.685414177892907039e-01
7.875246476337508517e-01 -2.023044332703811676e+00 -9.852845184593767014e-01
7.705316669698243359e-01 -1.883523238537679889e+00 -9.993859878448025924e-01
7.687647595880428009e-01 -1.871039457895061098e+00 -9.997396623545146133e-01
7.638346047446594733e-01 -1.837546937557647420e+00 -9.999498026959359187e-01
7.549856093120687062e-01 -1.781520365984067489e+00 -9.978784092174602938e-01
7.500346751757247521e-01 -1.752032632800306633e+00 -9.955556940846428393e-01
7.006705497246791259e-01 -1.502541265497200351e+00 -9.396566409950000143e-01
6.833817243904957150e-01 -1.427289134283366900e+00 -9.086563948881171138e-01
6.739164677183899776e-01 -1.387822969223593050e+00 -8.893612683742648795e-01
6.582858302860638000e-01 -1.324844150222947547e+00 -8.537858432301694833e-01
6.359208805445865087e-01 -1.238506351148970674e+00 -7.941100769325407649e-01
6.287568643467018603e-01 -1.211576165503798874e+00 -7.725202650813114413e-01
6.278702983397829174e-01 -1.208263117242362350e+00 -7.697554232386428774e-01
6.049632917605433091e-01 -1.123733927183727221e+00 -6.900394489271542975e-01
6.021684686188794045e-01 -1.113505871742641373e+00 -6.790411114519984137e-01
6.011235252766566894e-01 -1.109682765370747060e+00 -6.748446156124553452e-01
5.794809583438363942e-01 -1.029949817146730728e+00 -5.748997203975007020e-01
5.794613217440144348e-01 -1.029876288592995959e+00 -5.747947975816987132e-01
5.770810570306346143e-01 -1.020933269052281878e+00 -5.618244046471080333e-01
5.717451352920686070e-01 -1.000614769793241265e+00 -5.307026749352374839e-01
5.685135755505892341e-01 -9.880636755592197007e-01 -5.102034810929904074e-01
5.677408752200252540e-01 -9.850271991545229699e-01 -5.050831671346924789e-01
5.671378325190079561e-01 -9.826466091946991499e-01 -5.010226949951954722e-01
5.534142272730854240e-01 -9.238849833329098038e-01 -3.846905399019025507e-01
5.529128998797131489e-01 -9.214303351246644347e-01 -3.789707149839977030e-01
5.528587420610101555e-01 -9.211626898849933909e-01 -3.783416580567517395e-01
5.527958352960705701e-01 -9.208511764273652478e-01 -3.776081406180589739e-01
5.517596376834300598e-01 -9.156136119506187443e-01 -3.650501739839112636e-01
5.494099595485957277e-01 -9.027330298673807984e-01 -3.321609655386488780e-01
5.475179769481806069e-01 -8.905339054558980560e-01 -2.978376328426596831e-01
5.470996146467960175e-01 -8.874079288163515544e-01 -2.884405446727670297e-01
5.463746650262859550e-01 -8.812679213378983301e-01 -2.691383111591234556e-01
5.452668572862460206e-01 -8.631066365762855019e-01 -2.034553336541279345e-01
5.469667513857842112e-01 -8.456430616113463916e-01 -1.190945384557339365e-01
5.500747929033081851e-01 -8.375110291215455138e-01 -6.323756558078207080e-02
5.606630997220556356e-01 -8.292068333890195708e-01 4.387743030000999106e-02
5.725812757921578955e-01 -8.290462298973012567e-01 1.226899110941556820e-01
5.750704224155115396e-01 -8.295356184737877614e-01 1.366001438861818573e-01
5.781531003409543512e-01 -8.303102706126581634e-01 1.529677825197432173e-01
5.795922759709146721e-01 -8.307281334436467102e-01 1.603179091258548628e-01
6.120807155389040854e-01 -8.459679312350513181e-01 2.939411818924576592e-01
6.131541240032561957e-01 -8.465945985118873418e-01 2.976134413095070652e-01
6.155618764526841202e-01 -8.480191341796757820e-01 3.057251249634874712e-01
6.204687986348725870e-01 -8.509970636294569291e-01 3.217489331864451518e-01
6.776181948007101719e-01 -8.902546940649163076e-01 4.727489814060073514e-01
6.796419003620242094e-01 -8.917402923187853769e-01 4.772103326314877103e-01
7.002513318844652002e-01 -9.070744432430860593e-01 5.201440505066678988e-01
7.306120032950617071e-01 -9.301437394679091808e-01 5.763214903840833125e-01
7.439244069189346886e-01 -9.403714788462710361e-01 5.987318751286364593e-01
7.625747256930555107e-01 -9.547678361879261555e-01 6.281719608715390368e-01
7.675645001759537900e-01 -9.586285580588754796e-01 6.356917425571019242e-01
8.615052836452512519e-01 -1.031312085689310099e+00 7.545862142616661661e-01
8.683935717254311903e-01 -1.036608544891292505e+00 7.618795605600274801e-01
8.795639194370268310e-01 -1.045180631928113169e+00 7.733568239449258863e-01
9.739326490750593868e-01 -1.116552245221938744e+00 8.551577250816553288e-01
1.169020331740456831e+00 -1.256330209942389420e+00 9.588517306001734797e-01
1.169478125442651395e+00 -1.256644235698901824e+00 9.590119721749968962e-01
1.283191837715743189e+00 -1.332467268624477619e+00 9.886675492956844558e-01
1.292662949080263690e+00 -1.338582285065367916e+00 9.902719686916044983e-01
1.335916642767169593e+00 -1.366106524044684134e+00 9.960081945967949046e-01
1.460373356775254816e+00 -1.441508317177746745e+00 9.986479402159895713e-01
1.480698152361519249e+00 -1.453269003270892590e+00 9.972046485969051632e-01
1.484576230817468367e+00 -1.455494870033020582e+00 9.968709765498549036e-01
1.520278310452765513e+00 -1.475710145625080072e+00 9.929279944717434025e-01
1.551228880075855576e+00 -1.492825563973702030e+00 9.882466673807855928e-01
1.586072814562917488e+00 -1.511628609491654895e+00 9.815826191428819181e-01
1.599866831958856705e+00 -1.518933599940952339e+00 9.785378104545007227e-01
1.674934317551207252e+00 -1.557263591156739846e+00 9.579236477408006323e-01
1.686972101421312376e+00 -1.563180036997055877e+00 9.539797548246654602e-01
1.694542387831527330e+00 -1.566867267609499681e+00 9.514085912037684167e-01
1.703527686483075065e+00 -1.571209846778092389e+00 9.482654439939356417e-01
1.709356369168895551e+00 -1.574007048120371399e+00 9.461733367119200544e-01
1.728565328201497886e+00 -1.583114029310671356e+00 9.389812038264596650e-01
1.741360195830210289e+00 -1.589083994743322181e+00 9.339361104880151698e-01
1.762928054793535537e+00 -1.598970214128090150e+00 9.249674053553644804e-01
1.788947679614243835e+00 -1.610594570934464231e+00 9.133633859251246712e-01
1.904032337656552443e+00 -1.657772997917841717e+00 8.513555116703384051e-01
1.959797383909821722e+00 -1.677912722970232640e+00 8.146444983934528761e-01
1.977765611057676676e+00 -1.683984797465997163e+00 8.018179364727894276e-01
1.983570818567113925e+00 -1.685901035028044115e+00 7.975659645748311988e-01
2.032565280869727431e+00 -1.701144833635013232e+00 7.594957332113998483e-01
2.056287584827671377e+00 -1.707895545712445395e+00 7.395919574864233681e-01
2.107459291858853501e+00 -1.720919462077504569e+00 6.931056784714395569e-01
2.146829201826890632e+00 -1.729360701361592811e+00 6.537267577363871096e-01
2.162827508622758188e+00 -1.732356877383733895e+00 6.367385358082566782e-01
2.187114081058539661e+00 -1.736383712602233675e+00 6.097694913026224794e-01
2.288049552596307823e+00 -1.745018960338254654e+00 4.794953381810371229e-01
2.293138349321111935e+00 -1.745035845368947180e+00 4.719924167510878288e-01
2.300109026781319788e+00 -1.744980465710672002e+00 4.615400214116636146e-01
2.310389139604717812e+00 -1.744725714016179596e+00 4.457399824351166440e-01
2.319172868724922232e+00 -1.744335650333245225e+00 4.318563633199760110e-01
2.342339324828197622e+00 -1.742470229179011953e+00 3.933800185746742506e-01
2.373900292112526955e+00 -1.737640872001660286e+00 3.358825603649260860e-01
2.405190205429719619e+00 -1.729503550132359901e+00 2.714515650071558928e-01
2.424695799148066655e+00 -1.722175083442723409e+00 2.262871064020655631e-01
2.433394903460003089e+00 -1.718188060392290994e+00 2.045522473049370127e-01
2.462607567278821907e+00 -1.700315499978682698e+00 1.216291182507112517e-01
2.472645218050748106e+00 -1.691941022628146163e+00 8.818700391295955510e-02
2.472797237762509148e+00 -1.691802170063401389e+00 8.765388096462747858e-02
2.475090028460937397e+00 -1.689658727771176316e+00 7.950407624109655236e-02
2.479916176977070563e+00 -1.684819355375110961e+00 6.162323962298763697e-02
2.491754701813843731e+00 -1.670537613737788751e+00 1.241739622996647710e-02
2.514093092889710057e+00 -1.621294538813426112e+00 -1.298672450487947105e-01
2.518425792130408958e+00 -1.593463887133649060e+00 -1.980070180879434372e-01
2.518538560985589925e+00 -1.563932499626513817e+00 -2.636752811009986375e-01
2.518214525087153266e+00 -1.559439906561380651e+00 -2.731605076975082147e-01
2.515579165230079628e+00 -1.538003560362580568e+00 -3.168069648036608288e-01
2.511311022249762548e+00 -1.516575849480027660e+00 -3.580164403599855882e-01
2.508606977181809583e+00 -1.505799516434825236e+00 -3.779151193690738486e-01
2.486596625942095962e+00 -1.443305601147733652e+00 -4.839126275056643278e-01
2.485072460506743575e+00 -1.439793700912577412e+00 -4.894416603016724099e-01
2.480231842979189416e+00 -1.429037132462201320e+00 -5.061193157456322922e-01
2.449987550911085332e+00 -1.371038356930598834e+00 -5.898361362894994908e-01
2.442899051312359848e+00 -1.358997103682727969e+00 -6.059985146852482352e-01
2.375973615001707451e+00 -1.260731968503247424e+00 -7.240581165359754046e-01
2.345182799905405346e+00 -1.221534037642403980e+00 -7.648197944445240815e-01
2.190061541179958216e+00 -1.053295384281612401e+00 -9.027405967056421066e-01
2.188860054116429144e+00 -1.052124381987534329e+00 -9.034966847349870100e-01
2.171754815608103684e+00 -1.035619761244112036e+00 -9.138554169217795176e-01
2.163392987048716520e+00 -1.027661107130518170e+00 -9.186513547506873767e-01
2.155277777769010861e+00 -1.020003194992612272e+00 -9.231434568064633694e-01
2.145714407037481397e+00 -1.011059658981381393e+00 -9.282371263805098138e-01
2.142600065256360597e+00 -1.008165618736970526e+00 -9.298501098905693762e-01
2.108483274203795776e+00 -9.770258811886766148e-01 -9.461082568160565920e-01
2.095404701110737289e+00 -9.653482552404274442e-01 -9.516837053733201435e-01
2.074580141367156294e+00 -9.470316212901871422e-01 -9.598494502038149578e-01
2.073014918348630609e+00 -9.456681982990712276e-01 -9.604287873324340863e-01
2.056727329689749251e+00 -9.315869606990571095e-01 -9.661793485137009085e-01
2.043345168646042431e+00 -9.201588900298526275e-01 -9.705322699518915686e-01
1.999601906844830967e+00 -8.836383759859312015e-01 -9.825225180119101509e-01
1.989452585580205435e+00 -8.753379092961234287e-01 -9.848324185048298318e-01
1.901411848485731637e+00 -8.057949964169884849e-01 -9.978781988376868028e-01
1.844590576838895934e+00 -7.630214774627313012e-01 -9.999926861367076647e-01
1.809567514323710880e+00 -7.373930088967011187e-01 -9.989434070348272021e-01
1.798465477560281522e+00 -7.293793450337761053e-01 -9.982425904343511514e-01
1.776962793674316643e+00 -7.140038415741682964e-01 -9.963848092338093432e-01
1.751130597924832166e+00 -6.957785537444132196e-01 -9.932835758654905423e-01
1.706140153781371849e+00 -6.646477017197165438e-01 -9.856211912892353100e-01
1.703474786853257150e+00 -6.628268790178050152e-01 -9.850769708129926139e-01
1.686291477245120740e+00 -6.511492207006119859e-01 -9.813250710392981135e-01
1.682528701922798131e+00 -6.486059904682196509e-01 -9.804471233220360959e-01
1.617437107216735948e+00 -6.053702982800128751e-01 -9.620178940429623404e-01
1.596763422621199524e+00 -5.919256931808890565e-01 -9.548610811334767856e-01
1.588411271136484171e+00 -5.865315874466378032e-01 -9.517876583642455035e-01
1.578490025213225012e+00 -5.801516108851751952e-01 -9.479991967460978941e-01
1.572547408853773421e+00 -5.763442680452258715e-01 -9.456578911602941950e-01
1.560793226680456947e+00 -5.688442819847363552e-01 -9.408664229569363435e-01
1.523441059741139192e+00 -5.452744107119082972e-01 -9.241971696443986861e-01
1.459801980937485810e+00 -5.059848438876706211e-01 -8.904943287277594655e-01
1.447381625074240175e+00 -4.984359475906751102e-01 -8.830925083770247985e-01
1.439623821019682559e+00 -4.937395608063519514e-01 -8.783261322263070658e-01
1.433405346118522772e+00 -4.899852250231336859e-01 -8.744246973962027658e-01
1.406706108896166763e+00 -4.739656334470590537e-01 -8.568338985104665406e-01
1.384706187789288556e+00 -4.608818374334373025e-01 -8.412742448273548002e-01
1.384304046417617728e+00 -4.606436100808544709e-01 -8.409805322828676211e-01
1.328333859131086481e+00 -4.277875385023526267e-01 -7.966194876098924293e-01
1.313522328379334914e+00 -4.191835743552751459e-01 -7.836423884583095800e-01
1.285216418970721586e+00 -4.028296256703135514e-01 -7.572439291471235734e-01
1.271465074599813727e+00 -3.949212887199236577e-01 -7.436088375613385537e-01
1.243299890658427831e+00 -3.787820383149225756e-01 -7.138676660174549937e-01
1.240547206565331129e+00 -3.772080354292673410e-01 -7.108215973108482633e-01
1.206888341695048883e+00 -3.579881476178897737e-01 -6.713533477319246767e-01
1.186344993929251190e+00 -3.462599415012594939e-01 -6.450314777408832079e-01
1.182489462424852533e+00 -3.440568233438044410e-01 -6.398810805813557323e-01
1.174120693557611839e+00 -3.392709558776313972e-01 -6.284568474856833120e-01
1.172701131986283896e+00 -3.384585277023051675e-01 -6.264847362065044667e-01
1.141091445711281738e+00 -3.202938326702888250e-01 -5.797295715967460961e-01
1.108891436162536603e+00 -3.015297214443271034e-01 -5.254190114314500892e-01
1.069938559918571341e+00 -2.780849023226170669e-01 -4.470403323924679873e-01
1.057359989461793326e+00 -2.702031513539902563e-01 -4.175337338559667044e-01
1.055099197241674558e+00 -2.687628576275499781e-01 -4.119463418710583302e-01
1.042858271231364986e+00 -2.608066301432129808e-01 -3.799087535960861128e-01
1.039723780394667729e+00 -2.587189373344490617e-01 -3.711558978411272358e-01
1.028685905882150475e+00 -2.511546954911172413e-01 -3.381338356076524221e-01
1.025269155656884701e+00 -2.487317448536649211e-01 -3.270967863162723144e-01
1.024292951393762419e+00 -2.480310360346449916e-01 -3.238611182116543086e-01
1.017275766147506477e+00 -2.428657291255102990e-01 -2.993769151016192342e-01
1.014392657957108090e+00 -2.406672219769461774e-01 -2.886034528527257059e-01
1.006320330535727336e+00 -2.341968814036330393e-01 -2.555828642850183074e-01
9.935708127260169942e-01 -2.223965000706411010e-01 -1.896940382864891472e-01
9.927182846014523943e-01 -2.214878888678010749e-01 -1.842819526914876438e-01
9.922687891178535446e-01 -2.209994696637809786e-01 -1.813510894409788299e-01
9.870844958327288365e-01 -2.147175093004962954e-01 -1.422414630577764905e-01
9.808056482200808723e-01 -2.016560315829550865e-01 -5.139437314592353728e-02
9.807510289114146351e-01 -1.952677904391548203e-01 -1.445922405421616293e-03
9.845131286240412782e-01 -1.873831870242133046e-01 6.609836799044033206e-02
9.927561731721040728e-01 -1.802236355169772319e-01 1.337311221305902409e-01
9.984599858883242973e-01 -1.769435816855998711e-01 1.668484255500601587e-01
1.005029573851474956e+00 -1.738974646953282133e-01 1.988157940742994179e-01
1.014402150674909020e+00 -1.703498820364811039e-01 2.374745695636884535e-01
1.020427640041091877e+00 -1.683950320403335144e-01 2.593958706003358095e-01
1.025917948435085325e+00 -1.667737725408654781e-01 2.778826649420911288e-01
1.031879410826793242e+00 -1.651506560026438086e-01 2.966440906945153611e-01
1.055444298612467025e+00 -1.597022747714358648e-01 3.610626074154685283e-01
1.065251629940334066e+00 -1.577497373566688343e-01 3.844846507662796897e-01
1.121024434519641844e+00 -1.484912310879189234e-01 4.944892692028920456e-01
1.192357571368356739e+00 -1.387298342157206876e-01 6.005342859552905699e-01
1.213388745502884447e+00 -1.360231995400443816e-01 6.270104704902024206e-01
1.222651830771170012e+00 -1.348417755128240580e-01 6.381222710896212735e-01
1.228682830895133637e+00 -1.340749494885951631e-01 6.451882633480143792e-01
1.242423777145757580e+00 -1.323324836383523162e-01 6.608152202814276954e-01
1.244305050090669384e+00 -1.320942536115008725e-01 6.629054823747371206e-01
1.250194588030792531e+00 -1.313487138739624915e-01 6.693753010130945036e-01
1.258160852472570479e+00 -1.303405221330348196e-01 6.779524239067599156e-01
1.266346314730349309e+00 -1.293042261123397985e-01 6.865640798155600022e-01
1.275547020455690017e+00 -1.281381271330080673e-01 6.960091367296986631e-01
1.338030518492674403e+00 -1.201228023283599511e-01 7.542492178839881323e-01
1.354776198890508043e+00 -1.179299328729015023e-01 7.682909946377851629e-01
1.372706293698989111e+00 -1.155541805962452262e-01 7.826686119200474412e-01
1.392450052975539032e+00 -1.129011830203428407e-01 7.977560184675772659e-01
1.397513211914871434e+00 -1.122141571879733679e-01 8.015044013258963984e-01
1.406137403644514894e+00 -1.110373484204685568e-01 8.077790968329403576e-01
1.428338024998040856e+00 -1.079680772980568110e-01 8.233133337863810519e-01
1.439910285484427677e+00 -1.063443066194014602e-01 8.310698624783384725e-01
1.449743197578135856e+00 -1.049511600539060480e-01 8.374833089977391509e-01
1.526085836928224193e+00 -9.368003946087435918e-02 8.821110219138290631e-01
1.526152288062759821e+00 -9.366985628516968920e-02 8.821461034368767162e-01
1.534068495758878159e+00 -9.245187793924454500e-02 8.862808573879742413e-01
1.545147056070620639e+00 -9.073094515661217496e-02 8.919209367187302950e-01
1.571600293867810638e+00 -8.654253961918334515e-02 9.047143510479010997e-01
1.610633878646879902e+00 -8.015090058292093089e-02 9.219230525696617828e-01
1.617061503675557343e+00 -7.907346504436195411e-02 9.245724310596409312e-01
1.620821435109887521e+00 -7.843986898242102934e-02 9.260985792337104172e-01
1.630547646041348386e+00 -7.678936967265585778e-02 9.299661370050323894e-01
1.630774790706314592e+00 -7.675062467977225578e-02 9.300550833565406350e-01
1.634531652121792300e+00 -7.610847409296837840e-02 9.315171529886385748e-01
1.651476403238511859e+00 -7.318079328042234599e-02 9.379010174689730306e-01
1.660789501904595067e+00 -7.154958663525748386e-02 9.412645686416049040e-01
1.675491578057248798e+00 -6.894208933067620670e-02 9.463680286748542558e-01
1.687569238536671623e+00 -6.676998041162165998e-02 9.503737867351683688e-01
1.744713915534746196e+00 -5.611420668634801295e-02 9.671033110909627029e-01
1.784382762129115507e+00 -4.833594153854284259e-02 9.766222620559187328e-01
1.810076639805971999e+00 -4.312439733918201068e-02 9.818981399812350963e-01
1.810344111481540619e+00 -4.306941284213777060e-02 9.819494312387054835e-01
1.810966481886396640e+00 -4.294141242246033580e-02 9.820684909120109829e-01
1.813281049684003943e+00 -4.246466044173004273e-02 9.825077336701717456e-01
1.816977140842269023e+00 -4.170097228560640940e-02 9.831976130940809355e-01
1.823189385087996994e+00 -4.041079849056123524e-02 9.843252287428252423e-01
1.827372754166822766e+00 -3.953730429338080804e-02 9.850620818961233205e-01
1.850378758325800677e+00 -3.466553793930478994e-02 9.887924652150474891e-01
1.852362010763469069e+00 -3.424011832883511880e-02 9.890886503061714352e-01
1.861873607604849212e+00 -3.218767661602581209e-02 9.904533696901064443e-01
1.881141441631136502e+00 -2.796777624223243525e-02 9.929360602130490321e-01
1.903393336596808982e+00 -2.298889695223205534e-02 9.953361019256630193e-01
1.906800481313195794e+00 -2.221641993608198043e-02 9.956595585596735853e-01
1.925649895141467560e+00 -1.789351241448336460e-02 9.972383952298758958e-01
1.931454266715120882e+00 -1.654536088883718642e-02 9.976528416115006959e-01
1.935418632922559112e+00 -1.561993731627724612e-02 9.979165216426163498e-01
1.941402871163720123e+00 -1.421583150341617502e-02 9.982847656633706546e-01
1.944322131281222665e+00 -1.352772858347265489e-02 9.984514074572683473e-01
1.948246584262992576e+00 -1.259942582897453402e-02 9.986620044778689032e-01
1.948366180930411584e+00 -1.257107712116073590e-02 9.986681806581548804e-01
1.951623885699814043e+00 -1.179754016421376110e-02 9.988309167480907691e-01
1.951902255963906319e+00 -1.173132119198362806e-02 9.988443307145292716e-01
1.958298464429828023e+00 -1.020454604924177222e-02 9.991312219590557930e-01
1.967391946983002127e+00 -8.016550073176862898e-03 9.994687487625212308e-01
1.969613455929149826e+00 -7.478908488903928883e-03 9.995386539134157866e-01
1.974383482173455606e+00 -6.320319470065856489e-03 9.996721023382613147e-01
1.978747451889218745e+00 -5.255359767216197069e-03 9.997742874202776298e-01
1.986896504388506735e+00 -3.253845474752225381e-03 9.999141804273916634e-01
1.987379538380168231e+00 -3.134677544990859075e-03 9.999203900019827396e-01
1.988054688365308298e+00 -2.968013797325125876e-03 9.999286786840858587e-01
1.990839944809547735e+00 -2.279233650965530478e-03 9.999580577651664415e-01
1.992893139276651571e+00 -1.770221256059241726e-03 9.999747515337943371e-01
1.998871536880965305e+00 -2.819516942937385609e-04 9.999993633077315369e-01
1.998982126895745504e+00 -2.543347702595807219e-04 9.999994819835065218e-01
1.999141098599290567e+00 -2.146302843035534608e-04 9.999996311540196858e-01
1.999626374896477765e+00 -9.338828357073011052e-05 9.999999302029533021e-01
1.999826759711838875e+00 -4.330620352481445539e-05 9.999999849939823493e-01
