5.82488679e-02 -7.19830823e-03 -7.73268793e-02 -3.36258564e-02 
5.82488679e-02 -7.19840279e-03 -7.73268845e-02 -3.36260328e-02 
5.82488679e-02 -7.19898879e-03 -7.73269168e-02 -3.36271265e-02 
5.82488679e-02 -7.20068574e-03 -7.73270102e-02 -3.36302933e-02 
5.82488679e-02 -7.20084741e-03 -7.73270191e-02 -3.36305950e-02 
5.82488679e-02 -7.20349578e-03 -7.73271643e-02 -3.36355368e-02 
5.82488679e-02 -7.20393352e-03 -7.73271882e-02 -3.36363536e-02 
5.82488679e-02 -7.20515649e-03 -7.73272551e-02 -3.36386354e-02 
5.82488679e-02 -7.20672781e-03 -7.73273408e-02 -3.36415669e-02 
5.82488679e-02 -7.21213839e-03 -7.73276344e-02 -3.36516595e-02 
5.82488679e-02 -7.25452206e-03 -7.73298560e-02 -3.37306287e-02 
5.82488679e-02 -7.25739961e-03 -7.73300017e-02 -3.37359842e-02 
5.82488679e-02 -7.26029923e-03 -7.73301479e-02 -3.37413801e-02 
5.82488679e-02 -7.26569876e-03 -7.73304183e-02 -3.37514260e-02 
5.82488679e-02 -7.27234250e-03 -7.73307478e-02 -3.37637830e-02 
5.82488679e-02 -7.27736753e-03 -7.73309948e-02 -3.37731267e-02 
5.82488679e-02 -7.27882386e-03 -7.73310659e-02 -3.37758342e-02 
5.82488679e-02 -7.28510461e-03 -7.73313710e-02 -3.37875086e-02 
5.82488679e-02 -7.30394208e-03 -7.73322670e-02 -3.38225012e-02 
5.82488679e-02 -7.30884491e-03 -7.73324955e-02 -3.38316033e-02 
5.82488679e-02 -7.31116705e-03 -7.73326030e-02 -3.38359136e-02 
5.82488679e-02 -7.43545730e-03 -7.73377212e-02 -3.40658781e-02 
5.82488679e-02 -7.46412285e-03 -7.73387236e-02 -3.41187095e-02 
5.82488679e-02 -7.50565304e-03 -7.73400590e-02 -3.41951149e-02 
5.82488679e-02 -7.51901211e-03 -7.73404594e-02 -3.42196585e-02 
5.82488679e-02 -7.52738465e-03 -7.73407033e-02 -3.42350324e-02 
5.82488679e-02 -7.54892536e-03 -7.73413054e-02 -3.42745567e-02 
5.82488679e-02 -7.55554319e-03 -7.73414832e-02 -3.42866911e-02 
5.82488679e-02 -7.59621322e-03 -7.73425021e-02 -3.43611778e-02 
5.82488679e-02 -7.60697585e-03 -7.73427509e-02 -3.43808651e-02 
5.82488679e-02 -7.64681107e-03 -7.73435975e-02 -3.44536461e-02 
5.82488679e-02 -7.66232487e-03 -7.73438961e-02 -3.44819542e-02 
5.82488679e-02 -7.69402542e-03 -7.73444537e-02 -3.45397369e-02 
5.82488679e-02 -7.69520551e-03 -7.73444731e-02 -3.45418863e-02 
5.82488679e-02 -7.70573528e-03 -7.73446421e-02 -3.45610606e-02 
5.82488679e-02 -7.72602837e-03 -7.73449466e-02 -3.45979887e-02 
5.82488679e-02 -7.80426927e-03 -7.73458702e-02 -3.47400728e-02 
5.82488679e-02 -7.86504240e-03 -7.73463296e-02 -3.48501321e-02 
5.82488679e-02 -7.86557138e-03 -7.73463326e-02 -3.48510890e-02 
5.82488679e-02 -7.88424758e-03 -7.73464308e-02 -3.48848607e-02 
5.82488679e-02 -7.92524626e-03 -7.73465800e-02 -3.49589192e-02 
5.82488679e-02 -7.95020169e-03 -7.73466278e-02 -3.50039470e-02 
5.82488679e-02 -8.01281751e-03 -7.73466125e-02 -3.51167664e-02 
5.82488679e-02 -8.07394145e-03 -7.73464237e-02 -3.52266913e-02 
5.82488679e-02 -8.08171596e-03 -7.73463880e-02 -3.52406592e-02 
5.82488679e-02 -8.13755469e-03 -7.73460598e-02 -3.53408941e-02 
5.82488679e-02 -8.20652889e-03 -7.73454892e-02 -3.54645113e-02 
5.82488679e-02 -8.22467206e-03 -7.73453108e-02 -3.54969940e-02 
5.82488679e-02 -8.27773391e-03 -7.73447254e-02 -3.55919176e-02 
5.82488679e-02 -8.30426144e-03 -7.73443988e-02 -3.56393327e-02 
5.82488679e-02 -8.47971092e-03 -7.73417296e-02 -3.59523168e-02 
5.82488679e-02 -8.56421957e-03 -7.73401646e-02 -3.61027343e-02 
5.82488679e-02 -8.59334336e-03 -7.73395880e-02 -3.61545268e-02 
5.82488679e-02 -8.59686966e-03 -7.73395169e-02 -3.61607963e-02 
5.82488679e-02 -8.61668926e-03 -7.73391127e-02 -3.61960282e-02 
5.82488679e-02 -8.72289214e-03 -7.73368124e-02 -3.63846542e-02 
5.82488679e-02 -8.75377849e-03 -7.73361034e-02 -3.64394623e-02 
5.82488679e-02 -8.93382310e-03 -7.73316482e-02 -3.67585583e-02 
5.82488679e-02 -9.01970147e-03 -7.73293475e-02 -3.69105456e-02 
5.82488679e-02 -9.05416467e-03 -7.73283951e-02 -3.69715026e-02 
5.82488679e-02 -9.16203906e-03 -7.73253132e-02 -3.71621810e-02 
5.82488679e-02 -9.33349711e-03 -7.73201252e-02 -3.74648889e-02 
5.82488679e-02 -9.43498182e-03 -7.73169018e-02 -3.76438682e-02 
5.82488679e-02 -9.46818289e-03 -7.73158242e-02 -3.77023931e-02 
5.82488679e-02 -1.00180917e-02 -7.72965218e-02 -3.86698920e-02 
5.82488679e-02 -1.00810385e-02 -7.72941540e-02 -3.87804368e-02 
5.82488679e-02 -1.01679750e-02 -7.72908352e-02 -3.89330484e-02 
5.82488679e-02 -1.02655459e-02 -7.72870445e-02 -3.91042426e-02 
5.82488679e-02 -1.03777736e-02 -7.72826007e-02 -3.93010440e-02 
5.82488679e-02 -1.19444540e-02 -7.72117172e-02 -4.20365582e-02 
5.82488679e-02 -1.20654849e-02 -7.72055264e-02 -4.22469092e-02 
5.82488679e-02 -1.26618286e-02 -7.71732042e-02 -4.32807978e-02 
5.82488679e-02 -1.27562293e-02 -7.71677752e-02 -4.34440191e-02 
5.82488679e-02 -1.28173955e-02 -7.71642058e-02 -4.35497034e-02 
5.82488679e-02 -1.28864781e-02 -7.71601236e-02 -4.36689927e-02 
5.82488679e-02 -1.31575633e-02 -7.71435379e-02 -4.41362789e-02 
5.82488679e-02 -1.32090116e-02 -7.71402794e-02 -4.42248035e-02 
5.82488679e-02 -1.33903084e-02 -7.71284819e-02 -4.45362955e-02 
5.82488679e-02 -1.35631466e-02 -7.71167318e-02 -4.48325212e-02 
5.82488679e-02 -1.37006350e-02 -7.71069898e-02 -4.50675829e-02 
5.82488679e-02 -1.38054823e-02 -7.70993001e-02 -4.52464552e-02 
5.82488679e-02 -1.40754914e-02 -7.70783170e-02 -4.57053533e-02 
5.82488679e-02 -1.41570625e-02 -7.70716047e-02 -4.58434342e-02 
5.82488679e-02 -1.42683775e-02 -7.70621343e-02 -4.60314015e-02 
5.82488679e-02 -1.46135065e-02 -7.70302337e-02 -4.66103808e-02 
5.82488679e-02 -1.48507448e-02 -7.70058295e-02 -4.70046252e-02 
5.82488679e-02 -1.48995748e-02 -7.70005399e-02 -4.70853664e-02 
5.82488679e-02 -1.49284493e-02 -7.69973687e-02 -4.71330446e-02 
5.82488679e-02 -1.50102725e-02 -7.69882063e-02 -4.72678844e-02 
5.82488679e-02 -1.50426977e-02 -7.69845035e-02 -4.73212094e-02 
5.82488679e-02 -1.50575223e-02 -7.69827971e-02 -4.73455685e-02 
5.82488679e-02 -1.51103967e-02 -7.69766417e-02 -4.74323436e-02 
5.82488679e-02 -1.51953790e-02 -7.69665239e-02 -4.75714681e-02 
5.82488679e-02 -1.52417740e-02 -7.69608847e-02 -4.76472438e-02 
5.82488679e-02 -1.54249457e-02 -7.69378445e-02 -4.79452169e-02 
5.82488679e-02 -1.54869551e-02 -7.69297726e-02 -4.80456698e-02 
5.82488679e-02 -1.56649921e-02 -7.69058733e-02 -4.83329598e-02 
5.82488679e-02 -1.57403102e-02 -7.68954542e-02 -4.84540171e-02 
5.82488679e-02 -1.58319104e-02 -7.68825487e-02 -4.86008787e-02 
5.82488679e-02 -1.62435167e-02 -7.68216650e-02 -4.92562624e-02 
5.82488679e-02 -1.63810349e-02 -7.68003696e-02 -4.94737201e-02 
5.82488679e-02 -1.66115053e-02 -7.67637193e-02 -4.98366344e-02 
5.82488679e-02 -1.68996502e-02 -7.67163201e-02 -5.02878406e-02 
5.82488679e-02 -1.71441162e-02 -7.66748092e-02 -5.06685573e-02 
5.82488679e-02 -1.75358544e-02 -7.66058808e-02 -5.12747030e-02 
5.82488679e-02 -1.76103373e-02 -7.65924378e-02 -5.13893991e-02 
5.82488679e-02 -1.77002138e-02 -7.65760699e-02 -5.15275586e-02 
5.82488679e-02 -1.80056559e-02 -7.65192084e-02 -5.19950436e-02 
5.82488679e-02 -1.82552130e-02 -7.64712464e-02 -5.23744928e-02 
5.82488679e-02 -1.83707280e-02 -7.64485516e-02 -5.25493050e-02 
5.82488679e-02 -1.85199055e-02 -7.64187474e-02 -5.27742265e-02 
5.82488679e-02 -1.89789387e-02 -7.63231210e-02 -5.34597082e-02 
5.82488679e-02 -1.91147835e-02 -7.62935493e-02 -5.36604028e-02 
5.82488679e-02 -1.91539627e-02 -7.62849019e-02 -5.37180826e-02 
5.82488679e-02 -1.94239121e-02 -7.62237906e-02 -5.41128799e-02 
5.82488679e-02 -1.94998111e-02 -7.62061066e-02 -5.42230175e-02 
5.82488679e-02 -1.95489442e-02 -7.61945373e-02 -5.42941050e-02 
5.82488679e-02 -1.96588298e-02 -7.61683116e-02 -5.44524849e-02 
5.82488679e-02 -1.99735308e-02 -7.60904884e-02 -5.49013583e-02 
5.82488679e-02 -2.00242541e-02 -7.60775701e-02 -5.49730551e-02 
5.82488679e-02 -2.00578619e-02 -7.60689544e-02 -5.50204610e-02 
5.82488679e-02 -2.01535322e-02 -7.60441862e-02 -5.51549865e-02 
5.82488679e-02 -2.05369561e-02 -7.59415108e-02 -5.56881530e-02 
5.82488679e-02 -2.08091601e-02 -7.58656291e-02 -5.60613953e-02 
5.82488679e-02 -2.09239051e-02 -7.58329850e-02 -5.62175679e-02 
5.82488679e-02 -2.09739951e-02 -7.58186213e-02 -5.62855407e-02 
5.82488679e-02 -2.10805998e-02 -7.57878321e-02 -5.64298140e-02 
5.82488679e-02 -2.19200122e-02 -7.55363198e-02 -5.75495556e-02 
5.82488679e-02 -2.20654219e-02 -7.54913024e-02 -5.77409079e-02 
5.82488679e-02 -2.21455998e-02 -7.54663109e-02 -5.78461098e-02 
5.82488679e-02 -2.27176822e-02 -7.52845272e-02 -5.85903910e-02 
5.82488679e-02 -2.33124816e-02 -7.50887257e-02 -5.93516489e-02 
5.82488679e-02 -2.34245128e-02 -7.50509782e-02 -5.94934133e-02 
5.82488679e-02 -2.35335669e-02 -7.50139412e-02 -5.96308616e-02 
5.82488679e-02 -2.39572390e-02 -7.48670395e-02 -6.01591692e-02 
5.82488679e-02 -2.40707769e-02 -7.48267749e-02 -6.02990525e-02 
5.82488679e-02 -2.44947956e-02 -7.46725714e-02 -6.08141804e-02 
5.82488679e-02 -2.45429944e-02 -7.46546334e-02 -6.08719550e-02 
5.82488679e-02 -2.45524406e-02 -7.46511076e-02 -6.08832584e-02 
5.82488679e-02 -2.47290925e-02 -7.45845415e-02 -6.10934345e-02 
5.82488679e-02 -2.48511690e-02 -7.45378294e-02 -6.12373152e-02 
5.82488679e-02 -2.50095994e-02 -7.44763250e-02 -6.14223490e-02 
5.82488679e-02 -2.54100876e-02 -7.43163917e-02 -6.18814886e-02 
5.82488679e-02 -2.57358801e-02 -7.41816515e-02 -6.22460105e-02 
5.82488679e-02 -2.57368987e-02 -7.41812239e-02 -6.22471378e-02 
5.82488679e-02 -2.59334291e-02 -7.40979764e-02 -6.24632000e-02 
5.82488679e-02 -2.59359458e-02 -7.40969009e-02 -6.24659484e-02 
5.82488679e-02 -2.63303619e-02 -7.39254025e-02 -6.28908902e-02 
5.82488679e-02 -2.63761625e-02 -7.39051054e-02 -6.29394844e-02 
5.82488679e-02 -2.65154684e-02 -7.38428722e-02 -6.30863046e-02 
5.82488679e-02 -2.67609147e-02 -7.37313544e-02 -6.33412992e-02 
5.82488679e-02 -2.71284700e-02 -7.35596745e-02 -6.37138609e-02 
5.82488679e-02 -2.74443043e-02 -7.34074128e-02 -6.40245475e-02 
5.82488679e-02 -2.74580112e-02 -7.34007033e-02 -6.40378279e-02 
5.82488679e-02 -2.75217201e-02 -7.33694070e-02 -6.40993330e-02 
5.82488679e-02 -2.76519547e-02 -7.33048675e-02 -6.42239332e-02 
5.82488679e-02 -2.78619083e-02 -7.31992669e-02 -6.44216804e-02 
5.82488679e-02 -2.79133531e-02 -7.31731087e-02 -6.44695652e-02 
5.82488679e-02 -2.81976316e-02 -7.30266831e-02 -6.47303878e-02 
5.82488679e-02 -2.82994733e-02 -7.29735024e-02 -6.48223647e-02 
5.82488679e-02 -2.85847457e-02 -7.28227209e-02 -6.50763317e-02 
5.82488679e-02 -2.88192497e-02 -7.26969756e-02 -6.52814556e-02 
5.82488679e-02 -2.92226306e-02 -7.24773972e-02 -6.56276247e-02 
5.82488679e-02 -3.01313225e-02 -7.19694545e-02 -6.63801723e-02 
5.82488679e-02 -3.01689239e-02 -7.19480388e-02 -6.64104933e-02 
5.82488679e-02 -3.04184949e-02 -7.18049975e-02 -6.66098765e-02 
5.82488679e-02 -3.05261621e-02 -7.17427699e-02 -6.66948160e-02 
5.82488679e-02 -3.11809140e-02 -7.13557766e-02 -6.71934793e-02 
5.82488679e-02 -3.12347997e-02 -7.13231112e-02 -6.72328124e-02 
5.82488679e-02 -3.12630055e-02 -7.13059528e-02 -6.72532747e-02 
5.82488679e-02 -3.13340410e-02 -7.12625490e-02 -6.73044088e-02 
5.82488679e-02 -3.15875828e-02 -7.11052121e-02 -6.74818399e-02 
5.82488679e-02 -3.16450381e-02 -7.10689910e-02 -6.75208566e-02 
5.82488679e-02 -3.18333110e-02 -7.09487283e-02 -6.76454025e-02 
5.82488679e-02 -3.20453546e-02 -7.08103390e-02 -6.77794731e-02 
5.82488679e-02 -3.20673925e-02 -7.07957788e-02 -6.77930332e-02 
5.82488679e-02 -3.21304055e-02 -7.07539673e-02 -6.78314266e-02 
5.82488679e-02 -3.21609838e-02 -7.07335828e-02 -6.78498581e-02 
5.82488679e-02 -3.26476601e-02 -7.04016137e-02 -6.81272707e-02 
5.82488679e-02 -3.28025936e-02 -7.02933469e-02 -6.82101088e-02 
5.82488679e-02 -3.30151631e-02 -7.01431354e-02 -6.83202178e-02 
5.82488679e-02 -3.31914590e-02 -7.00172516e-02 -6.84087611e-02 
5.82488679e-02 -3.34034830e-02 -6.98644559e-02 -6.85122645e-02 
5.82488679e-02 -3.41266940e-02 -6.93333634e-02 -6.88441341e-02 
5.82488679e-02 -3.47035769e-02 -6.88999813e-02 -6.90879458e-02 
5.82488679e-02 -3.48428296e-02 -6.87941429e-02 -6.91441619e-02 
5.82488679e-02 -3.51954791e-02 -6.85240127e-02 -6.92819938e-02 
5.82488679e-02 -3.59428513e-02 -6.79416121e-02 -6.95526670e-02 
5.82488679e-02 -3.61120037e-02 -6.78079229e-02 -6.96098644e-02 
5.82488679e-02 -3.65666102e-02 -6.74451191e-02 -6.97559641e-02 
5.82488679e-02 -3.71758467e-02 -6.69503604e-02 -6.99331281e-02 
5.82488679e-02 -3.76199744e-02 -6.65824662e-02 -7.00464987e-02 
5.82488679e-02 -3.77362143e-02 -6.64849657e-02 -7.00735134e-02 
5.82488679e-02 -3.79412352e-02 -6.63115558e-02 -7.01179985e-02 
5.82488679e-02 -3.81508355e-02 -6.61321137e-02 -7.01587319e-02 
5.82488679e-02 -3.84309206e-02 -6.58882995e-02 -7.02042857e-02 
5.82488679e-02 -3.84477135e-02 -6.58735174e-02 -7.02066549e-02 
5.82488679e-02 -3.84942088e-02 -6.58324860e-02 -7.02129857e-02 
5.82488679e-02 -3.87013205e-02 -6.56477889e-02 -7.02369188e-02 
5.82488679e-02 -3.87048892e-02 -6.56445781e-02 -7.02372681e-02 
5.82488679e-02 -3.87541429e-02 -6.56001630e-02 -7.02418654e-02 
5.82488679e-02 -3.92919347e-02 -6.51035386e-02 -7.02657977e-02 
5.82488679e-02 -3.94172027e-02 -6.49852579e-02 -7.02654078e-02 
5.82488679e-02 -3.94556095e-02 -6.49488510e-02 -7.02649511e-02 
5.82488679e-02 -3.95401598e-02 -6.48685057e-02 -7.02634695e-02 
5.82488679e-02 -3.95638068e-02 -6.48459917e-02 -7.02629499e-02 
5.82488679e-02 -3.96440599e-02 -6.47694662e-02 -7.02608924e-02 
5.82488679e-02 -3.97273055e-02 -6.46899308e-02 -7.02583554e-02 
5.82488679e-02 -3.99606468e-02 -6.44665166e-02 -7.02498773e-02 
5.82488679e-02 -4.03634115e-02 -6.40811650e-02 -7.02347165e-02 
5.82488679e-02 -4.06826072e-02 -6.37777162e-02 -7.02259835e-02 
5.82488679e-02 -4.13650415e-02 -6.31399155e-02 -7.02285193e-02 
5.82488679e-02 -4.14853369e-02 -6.30295773e-02 -7.02331331e-02 
5.82488679e-02 -4.18972306e-02 -6.26581612e-02 -7.02618611e-02 
5.82488679e-02 -4.19414087e-02 -6.26190060e-02 -7.02663278e-02 
5.82488679e-02 -4.22710056e-02 -6.23320256e-02 -7.03101303e-02 
5.82488679e-02 -4.23508795e-02 -6.22640160e-02 -7.03238768e-02 
5.82488679e-02 -4.26056406e-02 -6.20517355e-02 -7.03771599e-02 
5.82488679e-02 -4.28454180e-02 -6.18588685e-02 -7.04413719e-02 
5.82488679e-02 -4.31996163e-02 -6.15859308e-02 -7.05604175e-02 
5.82488679e-02 -4.32298645e-02 -6.15632101e-02 -7.05717694e-02 
5.82488679e-02 -4.32651850e-02 -6.15367827e-02 -7.05852332e-02 
5.82488679e-02 -4.34415470e-02 -6.14063598e-02 -7.06555483e-02 
5.82488679e-02 -4.35186063e-02 -6.13500946e-02 -7.06877236e-02 
5.82488679e-02 -4.38506861e-02 -6.11116423e-02 -7.08344616e-02 
5.82488679e-02 -4.57687743e-02 -5.97982122e-02 -7.18109319e-02 
5.82488679e-02 -4.67457957e-02 -5.91478785e-02 -7.23461906e-02 
5.82488679e-02 -4.73630031e-02 -5.87395723e-02 -7.26891698e-02 
5.82488679e-02 -4.76894938e-02 -5.85236994e-02 -7.28706000e-02 
5.82488679e-02 -4.78300892e-02 -5.84306579e-02 -7.29484901e-02 
5.82488679e-02 -4.86625560e-02 -5.78768905e-02 -7.34024447e-02 
5.82488679e-02 -4.94933193e-02 -5.73143103e-02 -7.38314314e-02 
5.82488679e-02 -4.99080048e-02 -5.70270958e-02 -7.40302927e-02 
5.82488679e-02 -5.00570903e-02 -5.69223854e-02 -7.40983227e-02 
5.82488679e-02 -5.00599949e-02 -5.69203365e-02 -7.40996272e-02 
5.82488679e-02 -5.01516848e-02 -5.68554774e-02 -7.41403682e-02 
5.82488679e-02 -5.01693986e-02 -5.68429049e-02 -7.41481384e-02 
5.82488679e-02 -5.04649645e-02 -5.66308893e-02 -7.42724528e-02 
5.82488679e-02 -5.08263466e-02 -5.63648709e-02 -7.44082220e-02 
5.82488679e-02 -5.08322820e-02 -5.63604290e-02 -7.44102779e-02 
5.82488679e-02 -5.12089482e-02 -5.60729332e-02 -7.45273073e-02 
5.82488679e-02 -5.12732750e-02 -5.60226492e-02 -7.45444507e-02 
5.82488679e-02 -5.12791757e-02 -5.60180184e-02 -7.45459796e-02 
5.82488679e-02 -5.12919259e-02 -5.60080017e-02 -7.45492580e-02 
5.82488679e-02 -5.16417527e-02 -5.57276268e-02 -7.46258837e-02 
5.82488679e-02 -5.17608633e-02 -5.56298533e-02 -7.46464232e-02 
5.82488679e-02 -5.19784705e-02 -5.54486664e-02 -7.46777892e-02 
5.82488679e-02 -5.21081669e-02 -5.53393462e-02 -7.46932829e-02 
5.82488679e-02 -5.21379857e-02 -5.53140920e-02 -7.46965558e-02 
5.82488679e-02 -5.22459909e-02 -5.52222840e-02 -7.47076024e-02 
5.82488679e-02 -5.23651343e-02 -5.51204617e-02 -7.47184726e-02 
5.82488679e-02 -5.35823325e-02 -5.40604464e-02 -7.47818805e-02 
5.82488679e-02 -5.53251157e-02 -5.25079191e-02 -7.47885848e-02 
5.82488679e-02 -5.57876642e-02 -5.20865095e-02 -7.47676654e-02 
5.82488679e-02 -5.60554349e-02 -5.18379705e-02 -7.47444194e-02 
5.82488679e-02 -5.60981646e-02 -5.17978292e-02 -7.47395422e-02 
5.82488679e-02 -5.61129373e-02 -5.17839144e-02 -7.47377662e-02 
5.82488679e-02 -5.64421651e-02 -5.14678902e-02 -7.46838082e-02 
5.82488679e-02 -5.67548316e-02 -5.11558045e-02 -7.46034980e-02 
5.82488679e-02 -5.67852841e-02 -5.11248238e-02 -7.45942546e-02 
5.82488679e-02 -5.69012816e-02 -5.10060235e-02 -7.45571236e-02 
5.82488679e-02 -5.70207762e-02 -5.08825017e-02 -7.45161025e-02 
5.82488679e-02 -5.85076292e-02 -4.92994226e-02 -7.38936444e-02 
5.82488679e-02 -6.01756161e-02 -4.74705062e-02 -7.30668869e-02 
5.82488679e-02 -6.02376578e-02 -4.74010419e-02 -7.30326594e-02 
5.82488679e-02 -6.11389462e-02 -4.63638603e-02 -7.24676675e-02 
5.82488679e-02 -6.12713947e-02 -4.62049718e-02 -7.23690327e-02 
5.82488679e-02 -6.18047833e-02 -4.55457794e-02 -7.19252728e-02 
5.82488679e-02 -6.21909993e-02 -4.50539227e-02 -7.15689608e-02 
5.82488679e-02 -6.41825761e-02 -4.24331552e-02 -6.95293991e-02 
5.82488679e-02 -6.45409571e-02 -4.19498997e-02 -6.91346686e-02 
5.82488679e-02 -6.53704491e-02 -4.08059578e-02 -6.81610062e-02 
5.82488679e-02 -6.55985179e-02 -4.04798088e-02 -6.78659376e-02 
5.82488679e-02 -6.57665236e-02 -4.02339735e-02 -6.76354769e-02 
5.82488679e-02 -6.60011526e-02 -3.98811353e-02 -6.72913193e-02 
5.82488679e-02 -6.61170107e-02 -3.97027931e-02 -6.71117469e-02 
5.82488679e-02 -6.61265139e-02 -3.96880530e-02 -6.70967565e-02 
5.82488679e-02 -6.64106466e-02 -3.92407408e-02 -6.66331299e-02 
5.82488679e-02 -6.74349398e-02 -3.75687228e-02 -6.48232494e-02 
5.82488679e-02 -6.75732332e-02 -3.73389542e-02 -6.45695697e-02 
5.82488679e-02 -6.86730770e-02 -3.54819517e-02 -6.24840641e-02 
5.82488679e-02 -6.89026034e-02 -3.50841384e-02 -6.20254298e-02 
5.82488679e-02 -6.89793606e-02 -3.49495960e-02 -6.18686361e-02 
5.82488679e-02 -6.91082363e-02 -3.47214000e-02 -6.16001715e-02 
5.82488679e-02 -6.92809966e-02 -3.44094818e-02 -6.12266802e-02 
5.82488679e-02 -6.92868115e-02 -3.43988339e-02 -6.12137720e-02 
5.82488679e-02 -6.93250789e-02 -3.43284811e-02 -6.11281929e-02 
5.82488679e-02 -6.93494730e-02 -3.42833692e-02 -6.10730424e-02 
5.82488679e-02 -6.95046154e-02 -3.39910508e-02 -6.07100868e-02 
5.82488679e-02 -6.96228080e-02 -3.37613563e-02 -6.04178223e-02 
5.82488679e-02 -6.97583002e-02 -3.34902632e-02 -6.00652990e-02 
5.82488679e-02 -6.97684106e-02 -3.34697135e-02 -6.00382738e-02 
5.82488679e-02 -6.99422005e-02 -3.31102783e-02 -5.95598333e-02 
5.82488679e-02 -7.00334803e-02 -3.29174083e-02 -5.92994017e-02 
5.82488679e-02 -7.00857048e-02 -3.28060120e-02 -5.91480561e-02 
5.82488679e-02 -7.01856257e-02 -3.25910469e-02 -5.88544002e-02 
5.82488679e-02 -7.02395280e-02 -3.24742037e-02 -5.86940241e-02 
5.82488679e-02 -7.11929254e-02 -3.03438592e-02 -5.57160910e-02 
5.82488679e-02 -7.16662794e-02 -2.92521734e-02 -5.41628822e-02 
5.82488679e-02 -7.19942480e-02 -2.84790260e-02 -5.30503136e-02 
5.82488679e-02 -7.24673781e-02 -2.73219908e-02 -5.13554497e-02 
5.82488679e-02 -7.28394855e-02 -2.63613918e-02 -4.99140547e-02 
5.82488679e-02 -7.28607348e-02 -2.63051992e-02 -4.98288913e-02 
5.82488679e-02 -7.38730838e-02 -2.35247694e-02 -4.55529467e-02 
5.82488679e-02 -7.44362298e-02 -2.19020210e-02 -4.30157167e-02 
5.82488679e-02 -7.45806088e-02 -2.14705868e-02 -4.23335295e-02 
5.82488679e-02 -7.45855663e-02 -2.14556022e-02 -4.23097554e-02 
5.82488679e-02 -7.48747658e-02 -2.05552783e-02 -4.08693220e-02 
5.82488679e-02 -7.49756748e-02 -2.02258488e-02 -4.03355545e-02 
5.82488679e-02 -7.52275262e-02 -1.93557275e-02 -3.89062164e-02 
5.82488679e-02 -7.52307037e-02 -1.93442497e-02 -3.88871729e-02 
5.82488679e-02 -7.52348632e-02 -1.93292051e-02 -3.88622046e-02 
5.82488679e-02 -7.53715205e-02 -1.88227797e-02 -3.80174313e-02 
5.82488679e-02 -7.54141142e-02 -1.86604053e-02 -3.77450208e-02 
5.82488679e-02 -7.55446467e-02 -1.81515132e-02 -3.68875781e-02 
5.82488679e-02 -7.57701527e-02 -1.72417971e-02 -3.53452888e-02 
5.82488679e-02 -7.61152504e-02 -1.57955044e-02 -3.28784889e-02 
5.82488679e-02 -7.62221321e-02 -1.53334498e-02 -3.20871593e-02 
5.82488679e-02 -7.63154029e-02 -1.49222761e-02 -3.13813620e-02 
5.82488679e-02 -7.63482392e-02 -1.47753619e-02 -3.11287671e-02 
5.82488679e-02 -7.63637701e-02 -1.47054543e-02 -3.10084968e-02 
5.82488679e-02 -7.64059502e-02 -1.45142742e-02 -3.06793613e-02 
5.82488679e-02 -7.64287340e-02 -1.44102911e-02 -3.05002320e-02 
5.82488679e-02 -7.64725723e-02 -1.42092818e-02 -3.01538561e-02 
5.82488679e-02 -7.64864046e-02 -1.41457491e-02 -3.00443847e-02 
5.82488679e-02 -7.65117594e-02 -1.40293880e-02 -2.98439478e-02 
5.82488679e-02 -7.65461246e-02 -1.38723246e-02 -2.95736290e-02 
5.82488679e-02 -7.67366851e-02 -1.30357991e-02 -2.81431494e-02 
5.82488679e-02 -7.67520013e-02 -1.29716131e-02 -2.80341877e-02 
5.82488679e-02 -7.67834652e-02 -1.28411212e-02 -2.78130246e-02 
5.82488679e-02 -7.71621045e-02 -1.13828422e-02 -2.53695936e-02 
5.82488679e-02 -7.78782032e-02 -8.94745094e-03 -2.13633076e-02 
5.82488679e-02 -7.88747948e-02 -5.91910965e-03 -1.64431053e-02 
5.82488679e-02 -7.98067998e-02 -3.33501233e-03 -1.22594617e-02 
5.82488679e-02 -7.99032490e-02 -3.07683064e-03 -1.18409161e-02 
5.82488679e-02 -8.00630984e-02 -2.65065574e-03 -1.11495187e-02 
5.82488679e-02 -8.07288909e-02 -8.61569451e-04 -8.23688929e-03 
5.82488679e-02 -8.08360453e-02 -5.63772187e-04 -7.74985713e-03 
5.82488679e-02 -8.08699872e-02 -4.68318621e-04 -7.59357298e-03 
5.82488679e-02 -8.08759872e-02 -4.51382047e-04 -7.56583385e-03 
5.82488679e-02 -8.08829069e-02 -4.31825131e-04 -7.53379957e-03 
5.82488679e-02 -8.10440319e-02 3.18096020e-05 -6.77323475e-03 
5.82488679e-02 -8.11214610e-02 2.61049410e-04 -6.39636911e-03 
5.82488679e-02 -8.13512640e-02 9.70468726e-04 -5.22692744e-03 
5.82488679e-02 -8.13656977e-02 1.01658973e-03 -5.15074868e-03 
5.82488679e-02 -8.14157850e-02 1.17817375e-03 -4.88372610e-03 
5.82488679e-02 -8.14609941e-02 1.32614149e-03 -4.63903023e-03 
5.82488679e-02 -8.15651206e-02 1.67523319e-03 -4.06109943e-03 
5.82488679e-02 -8.16799480e-02 2.07542307e-03 -3.39752344e-03 
5.82488679e-02 -8.17594105e-02 2.36305416e-03 -2.91993468e-03 
5.82488679e-02 -8.18722702e-02 2.78761032e-03 -2.21412593e-03 
5.82488679e-02 -8.19216835e-02 2.97922207e-03 -1.89530004e-03 
5.82488679e-02 -8.19350112e-02 3.03145928e-03 -1.80835686e-03 
5.82488679e-02 -8.19505341e-02 3.09258530e-03 -1.70660695e-03 
5.82488679e-02 -8.23138149e-02 4.58981542e-03 7.88190555e-04 
5.82488679e-02 -8.28346850e-02 6.87632984e-03 4.60116676e-03 
5.82488679e-02 -8.29304533e-02 7.31403558e-03 5.33107327e-03 
5.82488679e-02 -8.32406794e-02 8.83297550e-03 7.86204311e-03 
5.82488679e-02 -8.32869469e-02 9.09231018e-03 8.29332859e-03 
5.82488679e-02 -8.33747101e-02 9.62604459e-03 9.17983542e-03 
5.82488679e-02 -8.33797701e-02 9.65835512e-03 9.23346166e-03 
5.82488679e-02 -8.43267330e-02 1.64980837e-02 2.05579775e-02 
5.82488679e-02 -8.45952224e-02 1.86937931e-02 2.41755956e-02 
5.82488679e-02 -8.46820644e-02 1.95256516e-02 2.55368780e-02 
5.82488679e-02 -8.47633602e-02 2.04152907e-02 2.69849283e-02 
5.82488679e-02 -8.48476749e-02 2.15361108e-02 2.87960329e-02 
5.82488679e-02 -8.48743111e-02 2.20075671e-02 2.95509687e-02 
5.82488679e-02 -8.48754420e-02 2.20310802e-02 2.95884617e-02 
5.82488679e-02 -8.48823288e-02 2.21854398e-02 2.98341619e-02 
5.82488679e-02 -8.48874759e-02 2.23185257e-02 3.00453568e-02 
5.82488679e-02 -8.48981241e-02 2.27126748e-02 3.06670533e-02 
5.82488679e-02 -8.48991249e-02 2.27719027e-02 3.07599761e-02 
5.82488679e-02 -8.48956863e-02 2.37993954e-02 3.23542640e-02 
5.82488679e-02 -8.48932561e-02 2.39207024e-02 3.25407221e-02 
5.82488679e-02 -8.48881570e-02 2.41373939e-02 3.28731157e-02 
5.82488679e-02 -8.48629968e-02 2.49328343e-02 3.40874324e-02 
5.82488679e-02 -8.47827517e-02 2.67377593e-02 3.68210192e-02 
5.82488679e-02 -8.46865919e-02 2.83818462e-02 3.92875022e-02 
5.82488679e-02 -8.46636475e-02 2.87041801e-02 3.97666444e-02 
5.82488679e-02 -8.46317718e-02 2.91075176e-02 4.03626882e-02 
5.82488679e-02 -8.46058082e-02 2.94014782e-02 4.07940398e-02 
5.82488679e-02 -8.45996699e-02 2.94669998e-02 4.08897891e-02 
5.82488679e-02 -8.45622182e-02 2.98393844e-02 4.14310578e-02 
5.82488679e-02 -8.44969984e-02 3.04048150e-02 4.22433375e-02 
5.82488679e-02 -8.43953848e-02 3.11533470e-02 4.33007408e-02 
5.82488679e-02 -8.43866440e-02 3.12119165e-02 4.33825345e-02 
5.82488679e-02 -8.43818388e-02 3.12437568e-02 4.34269358e-02 
5.82488679e-02 -8.43559157e-02 3.14112403e-02 4.36597087e-02 
5.82488679e-02 -8.43507777e-02 3.14435930e-02 4.37045151e-02 
5.82488679e-02 -8.42462513e-02 3.20466426e-02 4.45289927e-02 
5.82488679e-02 -8.41747380e-02 3.24094343e-02 4.50143468e-02 
5.82488679e-02 -8.41695753e-02 3.24344462e-02 4.50475195e-02 
5.82488679e-02 -8.41412814e-02 3.25692130e-02 4.52256624e-02 
5.82488679e-02 -8.40836924e-02 3.28333806e-02 4.55721894e-02 
5.82488679e-02 -8.40059886e-02 3.31739504e-02 4.60145810e-02 
5.82488679e-02 -8.39091840e-02 3.35810070e-02 4.65383429e-02 
5.82488679e-02 -8.34791190e-02 3.52584823e-02 4.86563306e-02 
5.82488679e-02 -8.33603513e-02 3.56900079e-02 4.91903403e-02 
5.82488679e-02 -8.33583344e-02 3.56972023e-02 4.91991934e-02 
5.82488679e-02 -8.31001368e-02 3.65749552e-02 5.02627516e-02 
5.82488679e-02 -8.29012228e-02 3.71883503e-02 5.09804720e-02 
5.82488679e-02 -8.27637915e-02 3.75851647e-02 5.14325533e-02 
5.82488679e-02 -8.27293707e-02 3.76819188e-02 5.15415014e-02 
5.82488679e-02 -8.21330708e-02 3.92620723e-02 5.32722329e-02 
5.82488679e-02 -8.15659764e-02 4.06623003e-02 5.47497756e-02 
5.82488679e-02 -8.14702500e-02 4.08894446e-02 5.49839370e-02 
5.82488679e-02 -8.08725989e-02 4.22229547e-02 5.63050207e-02 
5.82488679e-02 -8.07834155e-02 4.24072211e-02 5.64775717e-02 
5.82488679e-02 -8.07421039e-02 4.24912912e-02 5.65553480e-02 
5.82488679e-02 -8.07128784e-02 4.25502947e-02 5.66095810e-02 
5.82488679e-02 -8.00377169e-02 4.38287675e-02 5.77198119e-02 
5.82488679e-02 -7.98597063e-02 4.41451443e-02 5.79769549e-02 
5.82488679e-02 -7.98393155e-02 4.41809606e-02 5.80056498e-02 
5.82488679e-02 -7.96759779e-02 4.44653294e-02 5.82307929e-02 
5.82488679e-02 -7.93833720e-02 4.49687354e-02 5.86215186e-02 
5.82488679e-02 -7.91368400e-02 4.53950633e-02 5.89516728e-02 
5.82488679e-02 -7.90702830e-02 4.55113974e-02 5.90424660e-02 
5.82488679e-02 -7.83449804e-02 4.68329183e-02 6.01103470e-02 
5.82488679e-02 -7.81710054e-02 4.71666997e-02 6.03907113e-02 
5.82488679e-02 -7.81154751e-02 4.72746630e-02 6.04821540e-02 
5.82488679e-02 -7.78332856e-02 4.78338854e-02 6.09607642e-02 
5.82488679e-02 -7.76241947e-02 4.82605808e-02 6.13317169e-02 
5.82488679e-02 -7.74968163e-02 4.85276716e-02 6.15682174e-02 
5.82488679e-02 -7.74348887e-02 4.86603723e-02 6.16877644e-02 
5.82488679e-02 -7.72036504e-02 4.91828513e-02 6.21803064e-02 
5.82488679e-02 -7.71883593e-02 4.92195015e-02 6.22165664e-02 
5.82488679e-02 -7.71699487e-02 4.92640791e-02 6.22610263e-02 
5.82488679e-02 -7.69661372e-02 4.97990629e-02 6.28278403e-02 
5.82488679e-02 -7.68443358e-02 5.01673493e-02 6.32547175e-02 
5.82488679e-02 -7.67033514e-02 5.06541317e-02 6.38595242e-02 
5.82488679e-02 -7.66327472e-02 5.09245666e-02 6.42114738e-02 
5.82488679e-02 -7.64273209e-02 5.17939580e-02 6.53891349e-02 
5.82488679e-02 -7.62030698e-02 5.27932523e-02 6.67720011e-02 
5.82488679e-02 -7.61302664e-02 5.31146534e-02 6.72163278e-02 
5.82488679e-02 -7.53611278e-02 5.63609605e-02 7.16476848e-02 
5.82488679e-02 -7.51279106e-02 5.72902175e-02 7.28923222e-02 
5.82488679e-02 -7.49458539e-02 5.79777012e-02 7.37949904e-02 
5.82488679e-02 -7.48552282e-02 5.82976580e-02 7.42037486e-02 
5.82488679e-02 -7.48198219e-02 5.84173276e-02 7.43537108e-02 
5.82488679e-02 -7.47888871e-02 5.85192671e-02 7.44799543e-02 
5.82488679e-02 -7.47295440e-02 5.87080515e-02 7.47097600e-02 
5.82488679e-02 -7.47171823e-02 5.87463001e-02 7.47556615e-02 
5.82488679e-02 -7.45890579e-02 5.91238835e-02 7.51969153e-02 
5.82488679e-02 -7.44787020e-02 5.94274674e-02 7.55373298e-02 
5.82488679e-02 -7.43802865e-02 5.96861308e-02 7.58187524e-02 
5.82488679e-02 -7.42710467e-02 5.99629143e-02 7.61121412e-02 
5.82488679e-02 -7.42023275e-02 6.01322912e-02 7.62879812e-02 
5.82488679e-02 -7.40292554e-02 6.05444347e-02 7.67042278e-02 
5.82488679e-02 -7.39039651e-02 6.08303722e-02 7.69826245e-02 
5.82488679e-02 -7.35821722e-02 6.15168801e-02 7.76090285e-02 
5.82488679e-02 -7.34771280e-02 6.17277557e-02 7.77889961e-02 
5.82488679e-02 -7.33820255e-02 6.19145691e-02 7.79443149e-02 
5.82488679e-02 -7.31728880e-02 6.23156221e-02 7.82677411e-02 
5.82488679e-02 -7.15838437e-02 6.51908070e-02 8.04044688e-02 
5.82488679e-02 -7.13804451e-02 6.55345269e-02 8.06323043e-02 
5.82488679e-02 -7.12512824e-02 6.57449899e-02 8.07622736e-02 
5.82488679e-02 -7.12381907e-02 6.57659023e-02 8.07746560e-02 
5.82488679e-02 -7.09531872e-02 6.62001497e-02 8.10045981e-02 
5.82488679e-02 -7.05427172e-02 6.67661165e-02 8.12236059e-02 
5.82488679e-02 -7.03781564e-02 6.69772878e-02 8.12817065e-02 
5.82488679e-02 -7.02704836e-02 6.71105880e-02 8.13105227e-02 
5.82488679e-02 -6.99672597e-02 6.74665409e-02 8.13549505e-02 
5.82488679e-02 -6.91110425e-02 6.83920749e-02 8.13301290e-02 
5.82488679e-02 -6.44952462e-02 7.31186364e-02 8.07012576e-02 
5.82488679e-02 -6.41013754e-02 7.34855366e-02 8.05798967e-02 
5.82488679e-02 -6.40840351e-02 7.35009732e-02 8.05732249e-02 
5.82488679e-02 -6.25856008e-02 7.47096115e-02 7.97646518e-02 
5.82488679e-02 -6.15691568e-02 7.54731657e-02 7.91126725e-02 
5.82488679e-02 -6.13599255e-02 7.56202201e-02 7.89600712e-02 
5.82488679e-02 -6.12010068e-02 7.57263818e-02 7.88341374e-02 
5.82488679e-02 -6.10734947e-02 7.58071892e-02 7.87251705e-02 
5.82488679e-02 -6.09575853e-02 7.58772198e-02 7.86199235e-02 
5.82488679e-02 -6.09320473e-02 7.58922490e-02 7.85960106e-02 
5.82488679e-02 -6.07212522e-02 7.60118888e-02 7.83906534e-02 
5.82488679e-02 -6.01646556e-02 7.63067148e-02 7.78103969e-02 
5.82488679e-02 -5.82278608e-02 7.72618246e-02 7.56650038e-02 
5.82488679e-02 -5.81010338e-02 7.73206860e-02 7.55180965e-02 
5.82488679e-02 -5.77167418e-02 7.74912796e-02 7.50595777e-02 
5.82488679e-02 -5.74276970e-02 7.76071932e-02 7.46933785e-02 
5.82488679e-02 -5.74242627e-02 7.76084908e-02 7.46888907e-02 
5.82488679e-02 -5.72979487e-02 7.76549583e-02 7.45216746e-02 
5.82488679e-02 -5.71765214e-02 7.76975289e-02 7.43573322e-02 
5.82488679e-02 -5.68728386e-02 7.77973556e-02 7.39349714e-02 
5.82488679e-02 -5.53314394e-02 7.82453043e-02 7.16918233e-02 
5.82488679e-02 -5.46816396e-02 7.84121145e-02 7.07100257e-02 
5.82488679e-02 -5.43915311e-02 7.84780893e-02 7.02580057e-02 
5.82488679e-02 -5.39224186e-02 7.85703109e-02 6.95039256e-02 
5.82488679e-02 -5.35807386e-02 7.86289201e-02 6.89410419e-02 
5.82488679e-02 -4.98781248e-02 7.91449739e-02 6.26572002e-02 
5.82488679e-02 -4.94514015e-02 7.91934930e-02 6.19174027e-02 
5.82488679e-02 -4.89427929e-02 7.92452385e-02 6.10275275e-02 
5.82488679e-02 -4.77754215e-02 7.93306121e-02 5.89441725e-02 
5.82488679e-02 -4.73681573e-02 7.93459486e-02 5.81955800e-02 
5.82488679e-02 -4.73675288e-02 7.93459669e-02 5.81944071e-02 
5.82488679e-02 -4.71218138e-02 7.93527567e-02 5.77317112e-02 
5.82488679e-02 -4.71213151e-02 7.93527704e-02 5.77307646e-02 
5.82488679e-02 -4.71023848e-02 7.93532949e-02 5.76948134e-02 
5.82488679e-02 -4.70787308e-02 7.93539555e-02 5.76498410e-02 
5.82488679e-02 -4.66494838e-02 7.93674387e-02 5.68270091e-02 
5.82488679e-02 1.50823570e-02 8.37071242e-02 -6.32764007e-02 
5.82488679e-02 1.65956809e-02 8.39345805e-02 -6.62490777e-02 
5.82488679e-02 1.67717017e-02 8.39720726e-02 -6.66000007e-02 
5.82488679e-02 1.69560594e-02 8.40136691e-02 -6.69689331e-02 
5.82488679e-02 1.69786738e-02 8.40188854e-02 -6.70142583e-02 
5.82488679e-02 1.84065197e-02 8.43476876e-02 -6.98643719e-02 
5.82488679e-02 1.90584196e-02 8.44842015e-02 -7.11376434e-02 
5.82488679e-02 1.91055700e-02 8.44934345e-02 -7.12283443e-02 
5.82488679e-02 1.95108914e-02 8.45669943e-02 -7.19951677e-02 
5.82488679e-02 1.97349748e-02 8.46017454e-02 -7.24059144e-02 
5.82488679e-02 1.97475991e-02 8.46035530e-02 -7.24287184e-02 
5.82488679e-02 1.98244185e-02 8.46141948e-02 -7.25666804e-02 
5.82488679e-02 1.98517250e-02 8.46178299e-02 -7.26153894e-02 
5.82488679e-02 2.02585959e-02 8.46635265e-02 -7.33221064e-02 
5.82488679e-02 2.06471978e-02 8.46956660e-02 -7.39710665e-02 
5.82488679e-02 2.13964319e-02 8.47383845e-02 -7.51781750e-02 
5.82488679e-02 2.31904121e-02 8.47905426e-02 -7.79516978e-02 
5.82488679e-02 3.83168147e-02 8.49459663e-02 -1.00648878e-01 
5.82488679e-02 3.91112071e-02 8.49184115e-02 -1.01735222e-01 
5.82488679e-02 3.91674011e-02 8.49141682e-02 -1.01805205e-01 
5.82488679e-02 4.09865115e-02 8.46780308e-02 -1.03773916e-01 
5.82488679e-02 4.22735117e-02 8.44454214e-02 -1.04967004e-01 
5.82488679e-02 4.22936363e-02 8.44409542e-02 -1.04983108e-01 
5.82488679e-02 4.28635318e-02 8.42997580e-02 -1.05393862e-01 
5.82488679e-02 4.45032725e-02 8.37985036e-02 -1.06281975e-01 
5.82488679e-02 4.47673378e-02 8.37098613e-02 -1.06400384e-01 
5.82488679e-02 4.60804362e-02 8.32248737e-02 -1.06851109e-01 
5.82488679e-02 4.61696032e-02 8.31873793e-02 -1.06867443e-01 
5.82488679e-02 4.63177306e-02 8.31228893e-02 -1.06887676e-01 
5.82488679e-02 4.64052021e-02 8.30833886e-02 -1.06895179e-01 
5.82488679e-02 4.67633213e-02 8.29098927e-02 -1.06888991e-01 
5.82488679e-02 4.69881286e-02 8.27918751e-02 -1.06856559e-01 
5.82488679e-02 4.74586430e-02 8.25271098e-02 -1.06733005e-01 
5.82488679e-02 4.79553254e-02 8.22263181e-02 -1.06535819e-01 
5.82488679e-02 4.82159481e-02 8.20597227e-02 -1.06404905e-01 
5.82488679e-02 4.90148360e-02 8.15087667e-02 -1.05877543e-01 
5.82488679e-02 4.94084676e-02 8.12194652e-02 -1.05561949e-01 
5.82488679e-02 5.17699038e-02 7.93785509e-02 -1.03340506e-01 
5.82488679e-02 5.21171064e-02 7.90867282e-02 -1.02948496e-01 
5.82488679e-02 5.24107233e-02 7.88265609e-02 -1.02575750e-01 
5.82488679e-02 5.25430945e-02 7.87043477e-02 -1.02392551e-01 
5.82488679e-02 5.34706321e-02 7.77873114e-02 -1.00922451e-01 
5.82488679e-02 5.41213666e-02 7.71041443e-02 -9.97694490e-02 
5.82488679e-02 5.44619473e-02 7.67305294e-02 -9.91172558e-02 
5.82488679e-02 5.45789894e-02 7.65982308e-02 -9.88813099e-02 
5.82488679e-02 5.47850717e-02 7.63589686e-02 -9.84467782e-02 
5.82488679e-02 5.51276910e-02 7.59402662e-02 -9.76612572e-02 
5.82488679e-02 5.52246459e-02 7.58168120e-02 -9.74240134e-02 
5.82488679e-02 5.53557215e-02 7.56465312e-02 -9.70931270e-02 
5.82488679e-02 5.56488648e-02 7.52522568e-02 -9.63128098e-02 
5.82488679e-02 5.60906318e-02 7.46235900e-02 -9.50338781e-02 
5.82488679e-02 5.61044263e-02 7.46032596e-02 -9.49918596e-02 
5.82488679e-02 5.61638597e-02 7.45151430e-02 -9.48092696e-02 
5.82488679e-02 5.62543737e-02 7.43792522e-02 -9.45261693e-02 
5.82488679e-02 5.67742761e-02 7.35498313e-02 -9.27556102e-02 
5.82488679e-02 5.69641535e-02 7.32217836e-02 -9.20350049e-02 
5.82488679e-02 5.69981075e-02 7.31617438e-02 -9.19021024e-02 
5.82488679e-02 5.70820608e-02 7.30117296e-02 -9.15689145e-02 
5.82488679e-02 5.71002830e-02 7.29788973e-02 -9.14958003e-02 
5.82488679e-02 5.86326182e-02 7.00579990e-02 -8.48821037e-02 
5.82488679e-02 5.88882305e-02 6.95520915e-02 -8.37259224e-02 
5.82488679e-02 5.93341861e-02 6.86605690e-02 -8.16898204e-02 
5.82488679e-02 5.96200826e-02 6.81052032e-02 -8.04449655e-02 
5.82488679e-02 5.96499528e-02 6.80492153e-02 -8.03216587e-02 
5.82488679e-02 5.96714260e-02 6.80092260e-02 -8.02338537e-02 
5.82488679e-02 5.99579140e-02 6.74937273e-02 -7.91195190e-02 
5.82488679e-02 6.09916883e-02 6.57676129e-02 -7.54855236e-02 
5.82488679e-02 6.13822163e-02 6.51427373e-02 -7.41687512e-02 
5.82488679e-02 6.17956323e-02 6.45016792e-02 -7.28072529e-02 
5.82488679e-02 6.21698487e-02 6.39540023e-02 -7.16383776e-02 
5.82488679e-02 6.23489963e-02 6.37095906e-02 -7.11196894e-02 
5.82488679e-02 6.26054965e-02 6.33856770e-02 -7.04419497e-02 
5.82488679e-02 6.28260998e-02 6.31261479e-02 -6.99059115e-02 
5.82488679e-02 6.28525971e-02 6.30955670e-02 -6.98428732e-02 
5.82488679e-02 6.29704627e-02 6.29602619e-02 -6.95639353e-02 
5.82488679e-02 6.30879112e-02 6.28261378e-02 -6.92872665e-02 
5.82488679e-02 7.58288654e-02 4.83059507e-02 -3.91515663e-02 
5.82488679e-02 7.63073914e-02 4.77372662e-02 -3.79673527e-02 
5.82488679e-02 7.63857834e-02 4.76397433e-02 -3.77637929e-02 
5.82488679e-02 7.63877921e-02 4.76372153e-02 -3.77585132e-02 
5.82488679e-02 7.69697938e-02 4.68327097e-02 -3.60717932e-02 
5.82488679e-02 7.71115583e-02 4.66215100e-02 -3.56279061e-02 
5.82488679e-02 7.75095960e-02 4.60130300e-02 -3.43483411e-02 
5.82488679e-02 7.83302590e-02 4.46978209e-02 -3.15812498e-02 
5.82488679e-02 7.85052653e-02 4.44008749e-02 -3.09565666e-02 
5.82488679e-02 7.85085262e-02 4.43952364e-02 -3.09447067e-02 
5.82488679e-02 7.86203333e-02 4.41988269e-02 -3.05316460e-02 
5.82488679e-02 7.88400086e-02 4.37899524e-02 -2.96723240e-02 
5.82488679e-02 7.88801224e-02 4.37113681e-02 -2.95072733e-02 
5.82488679e-02 7.88976823e-02 4.36765785e-02 -2.94342163e-02 
5.82488679e-02 7.90308325e-02 4.34055666e-02 -2.88653296e-02 
5.82488679e-02 7.91334430e-02 4.31890807e-02 -2.84111647e-02 
5.82488679e-02 7.95702493e-02 4.22134998e-02 -2.63669287e-02 
5.82488679e-02 7.97184977e-02 4.18638410e-02 -2.56353039e-02 
5.82488679e-02 7.97454455e-02 4.17990194e-02 -2.54997535e-02 
5.82488679e-02 7.98247643e-02 4.16054170e-02 -2.50950966e-02 
5.82488679e-02 8.00084955e-02 4.11337349e-02 -2.41109058e-02 
5.82488679e-02 8.01070067e-02 4.08588846e-02 -2.35390750e-02 
5.82488679e-02 8.01454210e-02 4.07457667e-02 -2.33041724e-02 
5.82488679e-02 8.01974456e-02 4.05867914e-02 -2.29744637e-02 
5.82488679e-02 8.02589069e-02 4.03908603e-02 -2.25686986e-02 
5.82488679e-02 8.03060101e-02 4.02355885e-02 -2.22475038e-02 
5.82488679e-02 8.03875129e-02 3.99589092e-02 -2.16757418e-02 
5.82488679e-02 8.15537430e-02 3.56878604e-02 -1.28754911e-02 
5.82488679e-02 8.24173178e-02 3.23540284e-02 -6.02898606e-03 
5.82488679e-02 8.24224123e-02 3.23331222e-02 -5.98625962e-03 
5.82488679e-02 8.25435469e-02 3.18181646e-02 -4.93685002e-03 
5.82488679e-02 8.25868502e-02 3.16202124e-02 -4.53575610e-03 
5.82488679e-02 8.26310291e-02 3.14043368e-02 -4.10054069e-03 
5.82488679e-02 8.26692869e-02 3.12011704e-02 -3.69337285e-03 
5.82488679e-02 8.26731148e-02 3.11798352e-02 -3.65075467e-03 
5.82488679e-02 8.27000135e-02 3.10241261e-02 -3.34048862e-03 
5.82488679e-02 8.27115051e-02 3.09543753e-02 -3.20192029e-03 
5.82488679e-02 8.27593517e-02 3.06422535e-02 -2.58455744e-03 
5.82488679e-02 8.28016279e-02 3.03373230e-02 -1.98485551e-03 
5.82488679e-02 8.28532024e-02 2.99280766e-02 -1.18408327e-03 
5.82488679e-02 8.29386654e-02 2.91391847e-02 3.48023791e-04 
5.82488679e-02 8.29589546e-02 2.89217709e-02 7.67474560e-04 
5.82488679e-02 8.29665825e-02 2.88355929e-02 9.33373838e-04 
5.82488679e-02 8.29917141e-02 2.85296773e-02 1.52056741e-03 
5.82488679e-02 8.30281421e-02 2.79993417e-02 2.53212068e-03 
5.82488679e-02 8.30516719e-02 2.75668653e-02 3.35134663e-03 
5.82488679e-02 8.30873397e-02 2.66225136e-02 5.12520437e-03 
5.82488679e-02 8.30977388e-02 2.61868086e-02 5.93762252e-03 
5.82488679e-02 8.31065444e-02 2.55989196e-02 7.02842469e-03 
5.82488679e-02 8.31075921e-02 2.43671593e-02 9.29529988e-03 
5.82488679e-02 8.30934104e-02 2.34351645e-02 1.09937362e-02 
5.82488679e-02 8.30932747e-02 2.34291731e-02 1.10046031e-02 
5.82488679e-02 8.30680323e-02 2.26040096e-02 1.24934124e-02 
5.82488679e-02 8.30308708e-02 2.18703361e-02 1.37990781e-02 
5.82488679e-02 8.30235157e-02 2.17587193e-02 1.39955754e-02 
5.82488679e-02 8.30230606e-02 2.17520628e-02 1.40072730e-02 
5.82488679e-02 8.30084070e-02 2.15509534e-02 1.43595332e-02 
5.82488679e-02 8.29825085e-02 2.12427814e-02 1.48949019e-02 
5.82488679e-02 8.29534273e-02 2.09420018e-02 1.54125007e-02 
5.82488679e-02 8.29407187e-02 2.08203677e-02 1.56205767e-02 
5.82488679e-02 8.29132410e-02 2.05714740e-02 1.60444121e-02 
5.82488679e-02 8.28370354e-02 1.99459512e-02 1.71000549e-02 
5.82488679e-02 8.27305155e-02 1.91684187e-02 1.83960742e-02 
5.82488679e-02 8.26559026e-02 1.86736985e-02 1.92110617e-02 
5.82488679e-02 8.26421486e-02 1.85864677e-02 1.93539079e-02 
5.82488679e-02 8.26115776e-02 1.83966573e-02 1.96638081e-02 
5.82488679e-02 8.25326422e-02 1.79299399e-02 2.04203437e-02 
5.82488679e-02 8.24144174e-02 1.72807750e-02 2.14602230e-02 
5.82488679e-02 8.22450827e-02 1.64229486e-02 2.28146414e-02 
5.82488679e-02 8.22418700e-02 1.64073250e-02 2.28391123e-02 
5.82488679e-02 8.19988717e-02 1.52854719e-02 2.45769454e-02 
5.82488679e-02 8.19442345e-02 1.50481096e-02 2.49395203e-02 
5.82488679e-02 8.18749789e-02 1.47540615e-02 2.53861567e-02 
5.82488679e-02 8.17478449e-02 1.42317856e-02 2.61727399e-02 
5.82488679e-02 8.14540828e-02 1.30933138e-02 2.78592685e-02 
5.82488679e-02 8.12528289e-02 1.23546652e-02 2.89338724e-02 
5.82488679e-02 8.12374374e-02 1.22991983e-02 2.90139921e-02 
5.82488679e-02 8.10880785e-02 1.17663951e-02 2.97800886e-02 
5.82488679e-02 8.10750672e-02 1.17203618e-02 2.98460088e-02 
5.82488679e-02 8.06098558e-02 1.00868183e-02 3.21687682e-02 
5.82488679e-02 8.04801014e-02 9.62521576e-03 3.28237376e-02 
5.82488679e-02 8.03656545e-02 9.20664113e-03 3.34209318e-02 
5.82488679e-02 8.02876084e-02 8.90780152e-03 3.38518803e-02 
5.82488679e-02 8.02818924e-02 8.88523908e-03 3.38846507e-02 
5.82488679e-02 8.02777000e-02 8.86861910e-03 3.39088144e-02 
5.82488679e-02 8.02673407e-02 8.82728012e-03 3.39690094e-02 
5.82488679e-02 8.02370119e-02 8.70379967e-03 3.41496455e-02 
5.82488679e-02 8.02288295e-02 8.66979436e-03 3.41996221e-02 
5.82488679e-02 8.00859844e-02 8.01217240e-03 3.51871356e-02 
5.82488679e-02 8.00808945e-02 7.98606298e-03 3.52271346e-02 
5.82488679e-02 8.00751406e-02 7.95629496e-03 3.52728053e-02 
5.82488679e-02 7.97996642e-02 6.13436222e-03 3.81722979e-02 
5.82488679e-02 7.97504414e-02 5.68529896e-03 3.89130078e-02 
5.82488679e-02 7.97266347e-02 5.44317347e-03 3.93163731e-02 
5.82488679e-02 7.95956148e-02 3.42615511e-03 4.27807262e-02 
5.82488679e-02 7.95899567e-02 3.28064389e-03 4.30369079e-02 
5.82488679e-02 7.95891573e-02 3.25932358e-03 4.30744972e-02 
5.82488679e-02 7.95303550e-02 1.33403775e-03 4.64966821e-02 
5.82488679e-02 7.95246153e-02 1.16511889e-03 4.67961895e-02 
5.82488679e-02 7.95197498e-02 1.03111509e-03 4.70331892e-02 
5.82488679e-02 7.95006696e-02 5.77910825e-04 4.78293845e-02 
5.82488679e-02 7.94853208e-02 2.77608486e-04 4.83511763e-02 
5.82488679e-02 7.94720540e-02 4.93106217e-05 4.87443057e-02 
5.82488679e-02 7.94332957e-02 -5.18409275e-04 4.97087304e-02 
5.82488679e-02 7.94187806e-02 -7.07142905e-04 5.00255459e-02 
5.82488679e-02 7.93887024e-02 -1.07266708e-03 5.06344720e-02 
5.82488679e-02 7.92763091e-02 -2.25519216e-03 5.25680941e-02 
5.82488679e-02 7.92391550e-02 -2.60134434e-03 5.31236892e-02 
5.82488679e-02 7.91635553e-02 -3.24946548e-03 5.41489527e-02 
5.82488679e-02 7.91584825e-02 -3.29045797e-03 5.42130698e-02 
5.82488679e-02 7.90648190e-02 -3.99956257e-03 5.53072800e-02 
5.82488679e-02 7.89998445e-02 -4.44860526e-03 5.59858179e-02 
5.82488679e-02 7.88953352e-02 -5.12179903e-03 5.69848542e-02 
5.82488679e-02 7.87486262e-02 -6.00045637e-03 5.82620760e-02 
5.82488679e-02 7.86376028e-02 -6.62901940e-03 5.91597942e-02 
5.82488679e-02 7.83778357e-02 -7.99719162e-03 6.10653945e-02 
5.82488679e-02 7.83389385e-02 -8.18968348e-03 6.13271389e-02 
5.82488679e-02 7.82742622e-02 -8.50246598e-03 6.17484331e-02 
5.82488679e-02 7.80818963e-02 -9.38161253e-03 6.29035153e-02 
5.82488679e-02 7.79703343e-02 -9.86122534e-03 6.35153525e-02 
5.82488679e-02 7.78800857e-02 -1.02363690e-02 6.39855952e-02 
5.82488679e-02 7.76841973e-02 -1.10193961e-02 6.49460347e-02 
5.82488679e-02 7.75829156e-02 -1.14100405e-02 6.54151476e-02 
5.82488679e-02 7.74365409e-02 -1.19584460e-02 6.60617822e-02 
5.82488679e-02 7.71648189e-02 -1.29159762e-02 6.71444416e-02 
5.82488679e-02 7.71635486e-02 -1.29202232e-02 6.71490554e-02 
5.82488679e-02 7.71430883e-02 -1.29882932e-02 6.72227159e-02 
5.82488679e-02 7.71046814e-02 -1.31143609e-02 6.73576480e-02 
5.82488679e-02 7.70505599e-02 -1.32882468e-02 6.75404328e-02 
5.82488679e-02 7.70343734e-02 -1.33394208e-02 6.75934740e-02 
5.82488679e-02 7.67696155e-02 -1.41338706e-02 6.83776798e-02 
5.82488679e-02 7.67398415e-02 -1.42196027e-02 6.84587948e-02 
5.82488679e-02 7.66696991e-02 -1.44197496e-02 6.86463086e-02 
5.82488679e-02 7.59891122e-02 -1.62913634e-02 7.03271909e-02 
5.82488679e-02 7.54687247e-02 -1.76765275e-02 7.15216254e-02 
5.82488679e-02 7.47928605e-02 -1.94090749e-02 7.29402955e-02 
5.82488679e-02 7.47786277e-02 -1.94439919e-02 7.29670283e-02 
5.82488679e-02 7.44468933e-02 -2.02247955e-02 7.35237567e-02 
5.82488679e-02 7.43429512e-02 -2.04573655e-02 7.36739121e-02 
5.82488679e-02 7.43098188e-02 -2.05306293e-02 7.37200253e-02 
5.82488679e-02 7.24165362e-02 -2.45180632e-02 7.59535160e-02 
5.82488679e-02 7.13436669e-02 -2.66987857e-02 7.70589648e-02 
5.82488679e-02 7.06281768e-02 -2.80959293e-02 7.76792946e-02 
5.82488679e-02 7.05877047e-02 -2.81725246e-02 7.77093960e-02 
5.82488679e-02 7.00927118e-02 -2.90789976e-02 7.80153538e-02 
5.82488679e-02 7.00684696e-02 -2.91219000e-02 7.80272770e-02 
5.82488679e-02 6.99511266e-02 -2.93277650e-02 7.80812935e-02 
5.82488679e-02 6.97865998e-02 -2.96118558e-02 7.81476864e-02 
5.82488679e-02 6.90341120e-02 -3.08617290e-02 7.83498513e-02 
5.82488679e-02 6.89243908e-02 -3.10382863e-02 7.83676602e-02 
5.82488679e-02 6.85956698e-02 -3.15581577e-02 7.84023846e-02 
5.82488679e-02 6.85296776e-02 -3.16607726e-02 7.84057660e-02 
5.82488679e-02 6.82572487e-02 -3.20778682e-02 7.84063711e-02 
5.82488679e-02 6.79918498e-02 -3.24743567e-02 7.83868064e-02 
5.82488679e-02 6.76734097e-02 -3.29387655e-02 7.83401760e-02 
5.82488679e-02 6.75260031e-02 -3.31501025e-02 7.83111556e-02 
5.82488679e-02 6.71636407e-02 -3.36606994e-02 7.82216146e-02 
5.82488679e-02 6.65434184e-02 -3.45028094e-02 7.80036029e-02 
5.82488679e-02 6.64853285e-02 -3.45793883e-02 7.79785301e-02 
5.82488679e-02 6.63230637e-02 -3.47912998e-02 7.79044412e-02 
5.82488679e-02 6.60198893e-02 -3.51804797e-02 7.77523373e-02 
5.82488679e-02 6.58377464e-02 -3.54110540e-02 7.76544031e-02 
5.82488679e-02 6.35711112e-02 -3.81989756e-02 7.62720541e-02 
5.82488679e-02 6.28512387e-02 -3.90630909e-02 7.57908129e-02 
5.82488679e-02 6.25093656e-02 -3.94680367e-02 7.55516440e-02 
5.82488679e-02 6.20037514e-02 -4.00579478e-02 7.51804169e-02 
5.82488679e-02 6.13375030e-02 -4.08157056e-02 7.46533080e-02 
5.82488679e-02 6.11254242e-02 -4.10521520e-02 7.44763390e-02 
5.82488679e-02 6.10990427e-02 -4.10814096e-02 7.44540273e-02 
5.82488679e-02 6.04026984e-02 -4.18416279e-02 7.38421101e-02 
5.82488679e-02 6.03158261e-02 -4.19348448e-02 7.37626839e-02 
5.82488679e-02 6.02832542e-02 -4.19697008e-02 7.37327245e-02 
5.82488679e-02 5.95971117e-02 -4.26912365e-02 7.30776815e-02 
5.82488679e-02 5.95964748e-02 -4.26918943e-02 7.30770512e-02 
5.82488679e-02 5.95189064e-02 -4.27718403e-02 7.29999587e-02 
5.82488679e-02 5.93414544e-02 -4.29534515e-02 7.28212106e-02 
5.82488679e-02 5.92303023e-02 -4.30663337e-02 7.27076160e-02 
5.82488679e-02 5.92031368e-02 -4.30938263e-02 7.26796747e-02 
5.82488679e-02 5.91817465e-02 -4.31154491e-02 7.26576269e-02 
5.82488679e-02 5.85954201e-02 -4.37034451e-02 7.20441599e-02 
5.82488679e-02 5.85662896e-02 -4.37326854e-02 7.20136885e-02 
5.82488679e-02 5.85630749e-02 -4.37359140e-02 7.20103287e-02 
5.82488679e-02 5.85593234e-02 -4.37396822e-02 7.20064087e-02 
5.82488679e-02 5.84945690e-02 -4.38048130e-02 7.19388898e-02 
5.82488679e-02 5.83189520e-02 -4.39824943e-02 7.17575084e-02 
5.82488679e-02 5.81230875e-02 -4.41829338e-02 7.15590166e-02 
5.82488679e-02 5.80667079e-02 -4.42411306e-02 7.15027192e-02 
5.82488679e-02 5.79467054e-02 -4.43657767e-02 7.13841898e-02 
5.82488679e-02 5.74917392e-02 -4.48478075e-02 7.09505893e-02 
5.82488679e-02 5.68078342e-02 -4.55976941e-02 7.03406033e-02 
5.82488679e-02 5.63226900e-02 -4.61457985e-02 6.99342150e-02 
5.82488679e-02 5.54442089e-02 -4.71725326e-02 6.92530153e-02 
5.82488679e-02 5.49045531e-02 -4.78305382e-02 6.88770232e-02 
5.82488679e-02 5.48190828e-02 -4.79372442e-02 6.88212590e-02 
5.82488679e-02 5.47217283e-02 -4.80597382e-02 6.87591623e-02 
5.82488679e-02 5.46790516e-02 -4.81137656e-02 6.87324324e-02 
5.82488679e-02 5.39725828e-02 -4.90381386e-02 6.83331792e-02 
5.82488679e-02 5.39540442e-02 -4.90630815e-02 6.83236552e-02 
5.82488679e-02 5.39131080e-02 -4.91182544e-02 6.83027480e-02 
5.82488679e-02 5.38322185e-02 -4.92276279e-02 6.82618871e-02 
5.82488679e-02 5.30538941e-02 -5.02903273e-02 6.78785233e-02 
5.82488679e-02 5.30304381e-02 -5.03222933e-02 6.78667164e-02 
5.82488679e-02 5.28038125e-02 -5.06298757e-02 6.77502296e-02 
5.82488679e-02 5.25036986e-02 -5.10322941e-02 6.75871183e-02 
5.82488679e-02 5.23815697e-02 -5.11939896e-02 6.75171315e-02 
5.82488679e-02 5.22169655e-02 -5.14097400e-02 6.74190521e-02 
5.82488679e-02 5.21738403e-02 -5.14658312e-02 6.73926138e-02 
5.82488679e-02 5.13427439e-02 -5.25128088e-02 6.68256757e-02 
5.82488679e-02 5.12743320e-02 -5.25965751e-02 6.67749597e-02 
5.82488679e-02 5.11594500e-02 -5.27366438e-02 6.66887999e-02 
5.82488679e-02 4.99431859e-02 -5.41908824e-02 6.57292116e-02 
5.82488679e-02 4.69560814e-02 -5.76671884e-02 6.32182269e-02 
5.82488679e-02 4.69505828e-02 -5.76734674e-02 6.32134161e-02 
5.82488679e-02 4.58230340e-02 -5.89414537e-02 6.21966152e-02 
5.82488679e-02 4.57447098e-02 -5.90277036e-02 6.21231704e-02 
5.82488679e-02 4.54051215e-02 -5.93983700e-02 6.17997160e-02 
5.82488679e-02 4.45506377e-02 -6.03063237e-02 6.09483140e-02 
5.82488679e-02 4.44267492e-02 -6.04347446e-02 6.08200313e-02 
5.82488679e-02 4.44036054e-02 -6.04586302e-02 6.07959098e-02 
5.82488679e-02 4.41977192e-02 -6.06695267e-02 6.05789615e-02 
5.82488679e-02 4.40288411e-02 -6.08401304e-02 6.03974689e-02 
5.82488679e-02 4.38471892e-02 -6.10208265e-02 6.01980866e-02 
5.82488679e-02 4.37770519e-02 -6.10897246e-02 6.01198188e-02 
5.82488679e-02 4.33987990e-02 -6.14520771e-02 5.96841591e-02 
5.82488679e-02 4.33365980e-02 -6.15101629e-02 5.96103171e-02 
5.82488679e-02 4.32969710e-02 -6.15469587e-02 5.95629670e-02 
5.82488679e-02 4.32493367e-02 -6.15909808e-02 5.95057439e-02 
5.82488679e-02 4.32180486e-02 -6.16197760e-02 5.94679817e-02 
5.82488679e-02 4.31124453e-02 -6.17162971e-02 5.93395523e-02 
5.82488679e-02 4.30396872e-02 -6.17822372e-02 5.92502504e-02 
5.82488679e-02 4.29119693e-02 -6.18969926e-02 5.90920459e-02 
5.82488679e-02 4.27483202e-02 -6.20424107e-02 5.88869803e-02 
5.82488679e-02 4.18858146e-02 -6.27875852e-02 5.77756343e-02 
5.82488679e-02 4.14010166e-02 -6.31945703e-02 5.71341526e-02 
5.82488679e-02 4.12392957e-02 -6.33285732e-02 5.69177056e-02 
5.82488679e-02 4.11866216e-02 -6.33720240e-02 5.68469357e-02 
5.82488679e-02 4.07351055e-02 -6.37404030e-02 5.62346741e-02 
5.82488679e-02 4.05121198e-02 -6.39195494e-02 5.59284813e-02 
5.82488679e-02 4.00189163e-02 -6.43091437e-02 5.52421855e-02 
5.82488679e-02 3.96251803e-02 -6.46137762e-02 5.46856695e-02 
5.82488679e-02 3.94613030e-02 -6.47389654e-02 5.44518979e-02 
5.82488679e-02 3.92084813e-02 -6.49302959e-02 5.40888529e-02 
5.82488679e-02 3.81182271e-02 -6.57289770e-02 5.24888594e-02 
5.82488679e-02 3.80616251e-02 -6.57691350e-02 5.24041154e-02 
5.82488679e-02 3.79837048e-02 -6.58241823e-02 5.22871546e-02 
5.82488679e-02 3.78678480e-02 -6.59055160e-02 5.21125987e-02 
5.82488679e-02 3.77678041e-02 -6.59752457e-02 5.19612313e-02 
5.82488679e-02 3.74979198e-02 -6.61609843e-02 5.15499129e-02 
5.82488679e-02 3.71103122e-02 -6.64216537e-02 5.09515733e-02 
5.82488679e-02 3.66918804e-02 -6.66950431e-02 5.02957684e-02 
5.82488679e-02 3.64052731e-02 -6.68774341e-02 4.98406515e-02 
5.82488679e-02 3.62682711e-02 -6.69631693e-02 4.96213567e-02 
5.82488679e-02 3.57386421e-02 -6.72854878e-02 4.87627650e-02 
5.82488679e-02 3.55150003e-02 -6.74173466e-02 4.83952222e-02 
5.82488679e-02 3.55113584e-02 -6.74194745e-02 4.83892145e-02 
5.82488679e-02 3.54553462e-02 -6.74521268e-02 4.82967270e-02 
5.82488679e-02 3.53300673e-02 -6.75246681e-02 4.80892969e-02 
5.82488679e-02 3.49659790e-02 -6.77320561e-02 4.74824901e-02 
5.82488679e-02 3.37668494e-02 -6.83892188e-02 4.54546260e-02 
5.82488679e-02 3.31805963e-02 -6.86991230e-02 4.44507498e-02 
5.82488679e-02 3.26595623e-02 -6.89672874e-02 4.35509203e-02 
5.82488679e-02 3.25887521e-02 -6.90030714e-02 4.34279483e-02 
5.82488679e-02 3.22762649e-02 -6.91586737e-02 4.28829076e-02 
5.82488679e-02 3.19970474e-02 -6.92940435e-02 4.23921861e-02 
5.82488679e-02 3.18654628e-02 -6.93564870e-02 4.21595739e-02 
5.82488679e-02 3.11459692e-02 -6.96817653e-02 4.08717537e-02 
5.82488679e-02 3.11051636e-02 -6.96994356e-02 4.07979612e-02 
5.82488679e-02 3.09783740e-02 -6.97538702e-02 4.05682277e-02 
5.82488679e-02 3.02101002e-02 -7.00712831e-02 3.91645033e-02 
5.82488679e-02 3.00234368e-02 -7.01459456e-02 3.88211871e-02 
5.82488679e-02 2.79405016e-02 -7.09472657e-02 3.49622772e-02 
5.82488679e-02 2.68493109e-02 -7.13547671e-02 3.29304841e-02 
5.82488679e-02 2.32244411e-02 -7.26656425e-02 2.61516129e-02 
5.82488679e-02 2.32103415e-02 -7.26704566e-02 2.61250810e-02 
5.82488679e-02 2.30227020e-02 -7.27338697e-02 2.57716414e-02 
5.82488679e-02 2.29387193e-02 -7.27617964e-02 2.56132094e-02 
5.82488679e-02 2.28612151e-02 -7.27872739e-02 2.54668442e-02 
5.82488679e-02 2.27741646e-02 -7.28155132e-02 2.53022541e-02 
5.82488679e-02 2.27466808e-02 -7.28243398e-02 2.52502427e-02 
5.82488679e-02 2.24646514e-02 -7.29121356e-02 2.47150876e-02 
5.82488679e-02 2.23617896e-02 -7.29428132e-02 2.45192184e-02 
5.82488679e-02 2.21987712e-02 -7.29899766e-02 2.42080642e-02 
5.82488679e-02 2.21864426e-02 -7.29934745e-02 2.41844978e-02 
5.82488679e-02 2.20566298e-02 -7.30297656e-02 2.39360900e-02 
5.82488679e-02 2.19470566e-02 -7.30596974e-02 2.37260656e-02 
5.82488679e-02 2.15612363e-02 -7.31611248e-02 2.29846189e-02 
5.82488679e-02 2.14645131e-02 -7.31858018e-02 2.27983855e-02 
5.82488679e-02 2.05181225e-02 -7.34173707e-02 2.09717703e-02 
5.82488679e-02 1.98598898e-02 -7.35704408e-02 1.96980822e-02 
5.82488679e-02 1.94676826e-02 -7.36585620e-02 1.89380460e-02 
5.82488679e-02 1.93477927e-02 -7.36849708e-02 1.87055392e-02 
5.82488679e-02 1.91227904e-02 -7.37337761e-02 1.82689362e-02 
5.82488679e-02 1.88656409e-02 -7.37881925e-02 1.77695212e-02 
5.82488679e-02 1.84503132e-02 -7.38724018e-02 1.69617872e-02 
5.82488679e-02 1.84268550e-02 -7.38770032e-02 1.69161198e-02 
5.82488679e-02 1.82782032e-02 -7.39057373e-02 1.66266110e-02 
5.82488679e-02 1.82462004e-02 -7.39118244e-02 1.65642557e-02 
5.82488679e-02 1.77134790e-02 -7.40076008e-02 1.55247842e-02 
5.82488679e-02 1.75483762e-02 -7.40350730e-02 1.52020584e-02 
5.82488679e-02 1.74816758e-02 -7.40458730e-02 1.50716065e-02 
5.82488679e-02 1.74022918e-02 -7.40585050e-02 1.49162956e-02 
5.82488679e-02 1.73546167e-02 -7.40659767e-02 1.48229945e-02 
5.82488679e-02 1.72599302e-02 -7.40805642e-02 1.46376336e-02 
5.82488679e-02 1.69539109e-02 -7.41254887e-02 1.40380697e-02 
5.82488679e-02 1.64051932e-02 -7.41981635e-02 1.29613997e-02 
5.82488679e-02 1.62931234e-02 -7.42118544e-02 1.27412889e-02 
5.82488679e-02 1.62222266e-02 -7.42203238e-02 1.26020113e-02 
5.82488679e-02 1.61648910e-02 -7.42270661e-02 1.24893570e-02 
5.82488679e-02 1.59134980e-02 -7.42555192e-02 1.19952408e-02 
5.82488679e-02 1.56998529e-02 -7.42783109e-02 1.15751148e-02 
5.82488679e-02 1.56958919e-02 -7.42787216e-02 1.15673242e-02 
5.82488679e-02 1.51241294e-02 -7.43335385e-02 1.04422103e-02 
5.82488679e-02 1.49654760e-02 -7.43471873e-02 1.01298557e-02 
5.82488679e-02 1.46521584e-02 -7.43721613e-02 9.51285668e-03 
5.82488679e-02 1.44944439e-02 -7.43837461e-02 9.20222468e-03 
5.82488679e-02 1.41577872e-02 -7.44063192e-02 8.53908868e-03 
5.82488679e-02 1.41237686e-02 -7.44084412e-02 8.47207829e-03 
5.82488679e-02 1.36886004e-02 -7.44331693e-02 7.61492206e-03 
5.82488679e-02 1.34030140e-02 -7.44471565e-02 7.05251653e-03 
5.82488679e-02 1.33475296e-02 -7.44496886e-02 6.94326854e-03 
5.82488679e-02 1.32249531e-02 -7.44550840e-02 6.70194113e-03 
5.82488679e-02 1.32038660e-02 -7.44559856e-02 6.66042872e-03 
5.82488679e-02 1.27118113e-02 -7.44750432e-02 5.69213656e-03 
5.82488679e-02 1.21682828e-02 -7.44925491e-02 4.62368092e-03 
5.82488679e-02 1.14633713e-02 -7.45119742e-02 3.24077254e-03 
5.82488679e-02 1.12243540e-02 -7.45183339e-02 2.77290317e-03 
5.82488679e-02 1.11805567e-02 -7.45195176e-02 2.68724254e-03 
5.82488679e-02 1.09371299e-02 -7.45263245e-02 2.21157770e-03 
5.82488679e-02 1.08725832e-02 -7.45282212e-02 2.08558111e-03 
5.82488679e-02 1.06343759e-02 -7.45357192e-02 1.62107286e-03 
5.82488679e-02 1.05560086e-02 -7.45383986e-02 1.46841357e-03 
5.82488679e-02 1.05330981e-02 -7.45392051e-02 1.42379776e-03 
5.82488679e-02 1.03600049e-02 -7.45456768e-02 1.08690117e-03 
5.82488679e-02 1.02836215e-02 -7.45487638e-02 9.38324437e-04 
5.82488679e-02 1.00462443e-02 -7.45593710e-02 4.76836990e-04 
5.82488679e-02 9.54263658e-03 -7.45874755e-02 -5.02007760e-04 
5.82488679e-02 9.49881531e-03 -7.45902954e-02 -5.87225026e-04 
5.82488679e-02 9.47490768e-03 -7.45918592e-02 -6.33722474e-04 
5.82488679e-02 9.14365097e-03 -7.46153645e-02 -1.27845721e-03 
5.82488679e-02 8.29473986e-03 -7.46911116e-02 -2.93647580e-03 
5.82488679e-02 7.80223662e-03 -7.47455549e-02 -3.90321368e-03 
5.82488679e-02 7.14790304e-03 -7.48312206e-02 -5.19423858e-03 
5.82488679e-02 6.53453311e-03 -7.49276731e-02 -6.41245244e-03 
5.82488679e-02 6.24985410e-03 -7.49784300e-02 -6.98075773e-03 
5.82488679e-02 5.98049692e-03 -7.50300126e-02 -7.52016412e-03 
5.82488679e-02 5.65409080e-03 -7.50967662e-02 -8.17580719e-03 
5.82488679e-02 5.46453560e-03 -7.51373346e-02 -8.55740619e-03 
5.82488679e-02 5.29998212e-03 -7.51734095e-02 -8.88907943e-03 
5.82488679e-02 5.12703311e-03 -7.52120120e-02 -9.23800625e-03 
5.82488679e-02 4.46907197e-03 -7.53628187e-02 -1.05674898e-02 
5.82488679e-02 4.19975051e-03 -7.54254746e-02 -1.11122396e-02 
5.82488679e-02 2.73600784e-03 -7.57668807e-02 -1.40747125e-02 
5.82488679e-02 1.28469694e-03 -7.60984098e-02 -1.70102483e-02 
5.82488679e-02 9.59572954e-04 -7.61701369e-02 -1.76665709e-02 
5.82488679e-02 8.28230961e-04 -7.61986571e-02 -1.79314381e-02 
5.82488679e-02 7.46134435e-04 -7.62163274e-02 -1.80968994e-02 
5.82488679e-02 5.68025913e-04 -7.62542004e-02 -1.84555754e-02 
5.82488679e-02 5.44519092e-04 -7.62591478e-02 -1.85028808e-02 
5.82488679e-02 4.72161900e-04 -7.62742969e-02 -1.86484412e-02 
5.82488679e-02 3.77038953e-04 -7.62940209e-02 -1.88396732e-02 
5.82488679e-02 2.82224148e-04 -7.63134528e-02 -1.90301331e-02 
5.82488679e-02 1.78706707e-04 -7.63343945e-02 -1.92378889e-02 
5.82488679e-02 -4.74157445e-04 -7.64593730e-02 -2.05431546e-02 
5.82488679e-02 -6.43481636e-04 -7.64897939e-02 -2.08802199e-02 
5.82488679e-02 -8.25670377e-04 -7.65216862e-02 -2.12422517e-02 
5.82488679e-02 -1.02898245e-03 -7.65563278e-02 -2.16455176e-02 
5.82488679e-02 -1.08175156e-03 -7.65651664e-02 -2.17500631e-02 
5.82488679e-02 -1.17233400e-03 -7.65802002e-02 -2.19294127e-02 
5.82488679e-02 -1.41009500e-03 -7.66188772e-02 -2.23995322e-02 
5.82488679e-02 -1.53692840e-03 -7.66390773e-02 -2.26499603e-02 
5.82488679e-02 -1.64637417e-03 -7.66562831e-02 -2.28658686e-02 
5.82488679e-02 -2.55046840e-03 -7.67915173e-02 -2.46434700e-02 
5.82488679e-02 -2.55129540e-03 -7.67916360e-02 -2.46450916e-02 
5.82488679e-02 -2.65025184e-03 -7.68057780e-02 -2.48390732e-02 
5.82488679e-02 -2.79011997e-03 -7.68255687e-02 -2.51130737e-02 
5.82488679e-02 -3.12960719e-03 -7.68726830e-02 -2.57772831e-02 
5.82488679e-02 -3.63919933e-03 -7.69411125e-02 -2.67721718e-02 
5.82488679e-02 -3.72339607e-03 -7.69521672e-02 -2.69363134e-02 
5.82488679e-02 -3.77261415e-03 -7.69585972e-02 -2.70322335e-02 
5.82488679e-02 -3.89971077e-03 -7.69750927e-02 -2.72798249e-02 
5.82488679e-02 -3.90267390e-03 -7.69754755e-02 -2.72855954e-02 
5.82488679e-02 -3.95164070e-03 -7.69817877e-02 -2.73809441e-02 
5.82488679e-02 -4.17121140e-03 -7.70098102e-02 -2.78082210e-02 
5.82488679e-02 -4.29068967e-03 -7.70248652e-02 -2.80405330e-02 
5.82488679e-02 -4.47697483e-03 -7.70480662e-02 -2.84024754e-02 
5.82488679e-02 -4.62740820e-03 -7.70665580e-02 -2.86945173e-02 
5.82488679e-02 -5.29569213e-03 -7.71459343e-02 -2.99890776e-02 
5.82488679e-02 -5.70652377e-03 -7.71921865e-02 -3.07822767e-02 
5.82488679e-02 -5.94659181e-03 -7.72180980e-02 -3.12445917e-02 
5.82488679e-02 -5.94898233e-03 -7.72183512e-02 -3.12491900e-02 
5.82488679e-02 -5.95453613e-03 -7.72189390e-02 -3.12598729e-02 
5.82488679e-02 -5.97508500e-03 -7.72211092e-02 -3.12993937e-02 
5.82488679e-02 -6.00755547e-03 -7.72245227e-02 -3.13618258e-02 
5.82488679e-02 -6.06118425e-03 -7.72301169e-02 -3.14648923e-02 
5.82488679e-02 -6.09663518e-03 -7.72337839e-02 -3.15329898e-02 
5.82488679e-02 -6.28230004e-03 -7.72525453e-02 -3.18891465e-02 
5.82488679e-02 -6.29758924e-03 -7.72540541e-02 -3.19184356e-02 
5.82488679e-02 -6.36939676e-03 -7.72610588e-02 -3.20559051e-02 
5.82488679e-02 -6.50747924e-03 -7.72741133e-02 -3.23197913e-02 
5.82488679e-02 -6.65565003e-03 -7.72874116e-02 -3.26021636e-02 
5.82488679e-02 -6.67735912e-03 -7.72892892e-02 -3.26434557e-02 
5.82488679e-02 -6.79322869e-03 -7.72989625e-02 -3.28634539e-02 
5.82488679e-02 -6.82756901e-03 -7.73017073e-02 -3.29285169e-02 
5.82488679e-02 -6.85068994e-03 -7.73035215e-02 -3.29722846e-02 
5.82488679e-02 -6.88510382e-03 -7.73061689e-02 -3.30373698e-02 
5.82488679e-02 -6.90168806e-03 -7.73074215e-02 -3.30687083e-02 
5.82488679e-02 -6.92378166e-03 -7.73090659e-02 -3.31104300e-02 
5.82488679e-02 -6.92445143e-03 -7.73091153e-02 -3.31116943e-02 
5.82488679e-02 -6.94261721e-03 -7.73104453e-02 -3.31459736e-02 
5.82488679e-02 -6.94416259e-03 -7.73105576e-02 -3.31488888e-02 
5.82488679e-02 -6.97938427e-03 -7.73130766e-02 -3.32152850e-02 
5.82488679e-02 -7.02857385e-03 -7.73164646e-02 -3.33078635e-02 
5.82488679e-02 -7.04044520e-03 -7.73172586e-02 -3.33301794e-02 
5.82488679e-02 -7.06575736e-03 -7.73189202e-02 -3.33777253e-02 
5.82488679e-02 -7.08871479e-03 -7.73203892e-02 -3.34208047e-02 
5.82488679e-02 -7.13112262e-03 -7.73230050e-02 -3.35002705e-02 
5.82488679e-02 -7.13361900e-03 -7.73231550e-02 -3.35049437e-02 
5.82488679e-02 -7.13710521e-03 -7.73233636e-02 -3.35114690e-02 
5.82488679e-02 -7.15145077e-03 -7.73242128e-02 -3.35383094e-02 
5.82488679e-02 -7.16198983e-03 -7.73248269e-02 -3.35580168e-02 
5.82488679e-02 -7.19251792e-03 -7.73265588e-02 -3.36150483e-02 
5.82488679e-02 -7.19308057e-03 -7.73265901e-02 -3.36160986e-02 
5.82488679e-02 -7.19388923e-03 -7.73266349e-02 -3.36176082e-02 
5.82488679e-02 -7.19635688e-03 -7.73267716e-02 -3.36222143e-02 
5.82488679e-02 -7.19737544e-03 -7.73268279e-02 -3.36241154e-02 
